Region_CN	Region_EN	T20191231	T20200111	T20200112	T20200113	T20200114	T20200115	T20200116	T20200117	T20200118	T20200119	T20200120	T20200121	T20200122	T20200123	T20200124	T20200125	T20200126	T20200127	T20200128	T20200129	T20200130	T20200131	T20200201	T20200202	T20200203	T20200204	T20200205	T20200206	T20200207	T20200208	T20200209	T20200210	T20200211	T20200212	T20200213	T20200214	T20200215	T20200216	T20200217	T20200218	T20200219	T20200220	T20200221	T20200222	T20200223	T20200224	T20200225	T20200226	T20200227	T20200228	T20200229	T20200301	T20200302	T20200303	T20200304	T20200305	T20200306	T20200307	T20200308	T20200309	T20200310	T20200311	T20200312	T20200313	T20200314	T20200315	T20200316	T20200317	T20200318	T20200319	T20200320	T20200321	T20200322	T20200323	T20200324	T20200325	T20200326	T20200327	T20200328	T20200329	T20200330	T20200331	T20200401	T20200402	T20200403	T20200404	T20200405	T20200406	T20200407	T20200408	T20200409	T20200410	T20200411	T20200412	T20200413	T20200414	T20200415	T20200416	T20200417	T20200418	T20200419	T20200420	T20200421	T20200422	T20200423	T20200424	T20200425	T20200426	T20200427	T20200428	T20200429	T20200430	T20200501	T20200502	T20200503	T20200504	T20200505	T20200506	T20200507	T20200508	T20200509	T20200510	T20200511	T20200512	T20200513	T20200514	T20200515	T20200516	T20200517	T20200518	T20200519	T20200520	T20200521	T20200522	T20200523	T20200524	T20200525	T20200526	T20200527
阿尔巴尼亚	Albania	0	0	0	0	0	0	0	0	0	0	0	0	0	0	0	0	0	0	0	0	0	0	0	0	0	0	0	0	0	0	0	0	0	0	0	0	0	0	0	0	0	0	0	0	0	0	0	0	0	0	0	0	0	0	0	0	0	0	0	0	6	0	9	18	0	5	4	0	13	0	0	15	6	0	28	19	23	40	11	0	0	26	20	34	27	29	28	0	22	17	9	7	0	30	21	8	19	24	21	9	14	22	25	25	29	15	0	48	0	24	16	7	0	16	6	8	17	12	10	8	6	12	4	4	4	18	0	35	13	2	1	15	5	12	8	9	6	25	21
阿尔及利亚	Algeria	0	0	0	0	0	0	0	0	0	0	0	0	0	0	0	0	0	0	0	0	0	0	0	0	0	0	0	0	0	0	0	0	0	0	0	0	0	0	0	0	0	0	0	0	0	0	0	1	0	0	0	0	0	0	0	16	0	0	2	0	0	1	5	1	11	11	6	6	7	8	15	12	37	91	0	34	38	65	42	45	57	73	132	131	139	185	80	69	103	45	104	94	95	64	89	69	87	90	108	150	116	95	89	93	99	97	120	129	126	267	0	199	158	148	141	179	174	190	159	185	187	189	165	168	176	186	189	187	192	198	182	176	165	186	190	195	193	197	194
阿富汗	Afghanistan	0	0	0	0	0	0	0	0	0	0	0	0	0	0	0	0	0	0	0	0	0	0	0	0	0	0	0	0	0	0	0	0	0	0	0	0	0	0	0	0	0	0	0	0	0	1	0	0	0	0	0	0	0	0	0	3	0	0	0	0	1	2	0	0	3	6	5	1	0	0	2	0	10	8	0	32	10	11	22	0	28	29	22	43	34	26	38	30	56	21	40	37	0	86	58	49	70	56	66	27	60	33	66	84	103	51	133	68	172	125	110	233	164	134	235	190	330	168	171	215	255	369	285	276	263	413	414	349	262	408	581	492	531	540	782	584	591	658	625
阿根廷	Argentina	0	0	0	0	0	0	0	0	0	0	0	0	0	0	0	0	0	0	0	0	0	0	0	0	0	0	0	0	0	0	0	0	0	0	0	0	0	0	0	0	0	0	0	0	0	0	0	0	0	0	0	0	0	0	1	0	1	6	1	3	5	2	0	12	3	11	0	20	0	32	31	30	67	0	76	86	115	87	101	55	0	221	88	79	132	88	98	103	74	87	80	99	81	167	66	69	166	128	98	89	81	102	90	113	144	147	172	173	112	111	124	158	143	104	149	102	104	133	188	163	240	165	258	244	285	316	255	345	326	263	303	438	474	648	718	704	723	552	600
阿克罗蒂里和德克利亚	Akrotiri and Dhekelia	0	0	0	0	0	0	0	0	0	0	0	0	0	0	0	0	0	0	0	0	0	0	0	0	0	0	0	0	0	0	0	0	0	0	0	0	0	0	0	0	0	0	0	0	0	0	0	0	0	0	0	0	0	0	0	0	0	0	0	0	0	0	0	0	0	0	0	0	0	0	0	0	0	0	0	0	0	0	0	0	0	0	0	0	0	0	0	0	0	0	0	0	0	0	0	0	0	0	0	0	0	0	0	0	0	0	0	0	0	0	0	0	0	0	0	0	0	0	0	0	0	0	0	0	0	0	0	0	0	0	0	0	0	0	0	0	0	0	0
阿拉伯联合酋长国	United Arab Emirates	0	0	0	0	0	0	0	0	0	0	0	0	0	0	0	0	0	0	0	4	0	0	0	1	0	0	0	0	0	2	0	0	1	0	0	0	0	0	1	0	0	0	0	2	0	0	2	0	0	6	2	0	0	0	6	1	0	17	0	0	29	0	0	11	0	1	12	0	15	27	0	13	0	45	0	135	0	0	135	0	143	53	0	150	210	481	0	571	0	583	0	331	746	0	387	398	412	432	460	0	956	484	490	483	518	0	525	1068	0	1031	0	1101	557	0	1125	0	1029	0	1048	553	0	1405	0	1463	0	1423	0	747	1527	0	1705	0	941	894	994	1593	0	1601	0
阿鲁巴	Aruba	0	0	0	0	0	0	0	0	0	0	0	0	0	0	0	0	0	0	0	0	0	0	0	0	0	0	0	0	0	0	0	0	0	0	0	0	0	0	0	0	0	0	0	0	0	0	0	0	0	0	0	0	0	0	0	0	0	0	0	0	0	0	0	0	0	0	0	0	0	0	0	0	0	0	0	0	0	8	0	11	0	0	0	0	0	0	0	0	0	0	0	0	0	67	0	0	0	7	0	0	0	0	0	0	0	0	0	0	0	0	0	0	7	0	0	0	0	0	0	0	0	1	0	0	0	0	0	0	0	0	0	0	0	0	0	0	0	0	0
阿曼	Oman	0	0	0	0	0	0	0	0	0	0	0	0	0	0	0	0	0	0	0	0	0	0	0	0	0	0	0	0	0	0	0	0	0	0	0	0	0	0	0	0	0	0	0	0	0	0	4	0	1	1	0	0	0	6	0	4	0	0	0	0	0	2	0	1	1	1	1	2	9	6	0	13	3	11	18	15	10	22	21	15	12	13	18	21	21	25	21	33	40	48	38	27	0	115	128	86	97	109	50	111	86	144	98	106	102	74	115	93	51	82	143	74	99	36	85	69	98	168	55	154	112	175	174	148	298	622	-16	404	157	193	292	372	327	424	463	513	0	348	255
阿塞拜疆	Azerbaijan	0	0	0	0	0	0	0	0	0	0	0	0	0	0	0	0	0	0	0	0	0	0	0	0	0	0	0	0	0	0	0	0	0	0	0	0	0	0	0	0	0	0	0	0	0	0	0	0	0	0	3	0	0	0	0	0	0	0	0	0	8	2	2	4	0	4	2	0	0	0	0	19	9	19	0	21	0	29	43	17	27	64	25	102	43	78	63	57	76	105	104	0	65	107	50	49	56	0	30	90	25	38	44	38	30	44	25	28	33	39	0	87	0	90	38	0	128	67	77	75	143	0	97	70	169	121	0	259	136	0	113	131	231	0	233	140	149	0	132
埃及	Egypt	0	0	0	0	0	0	0	0	0	0	0	0	0	0	0	0	0	0	0	0	0	0	0	0	0	0	0	0	0	0	0	0	0	0	0	0	1	0	0	0	0	0	0	0	0	0	0	0	0	0	0	0	1	0	0	0	12	1	18	26	0	0	8	13	13	17	16	40	30	14	46	29	9	33	39	76	14	39	41	40	33	47	54	69	86	120	85	103	149	128	110	139	95	145	126	125	160	155	168	171	188	112	189	157	169	232	201	227	215	508	0	226	269	358	298	272	348	388	387	393	495	488	436	346	347	338	398	399	491	510	535	720	745	774	783	727	752	702	789
埃塞俄比亚	Ethiopia	0	0	0	0	0	0	0	0	0	0	0	0	0	0	0	0	0	0	0	0	0	0	0	0	0	0	0	0	0	0	0	0	0	0	0	0	0	0	0	0	0	0	0	0	0	0	0	0	0	0	0	0	0	0	0	0	0	0	0	0	0	0	0	1	0	0	4	0	1	0	3	0	3	0	0	0	0	4	0	0	7	2	4	0	6	3	5	0	9	3	1	9	0	6	3	8	3	7	4	9	3	3	3	2	0	1	5	1	1	2	4	1	2	0	2	5	5	17	25	7	16	29	11	11	2	9	0	34	11	35	13	24	9	31	65	88	73	46	30
爱尔兰	Ireland	0	0	0	0	0	0	0	0	0	0	0	0	0	0	0	0	0	0	0	0	0	0	0	0	0	0	0	0	0	0	0	0	0	0	0	0	0	0	0	0	0	0	0	0	0	0	0	0	0	0	0	1	0	0	1	4	7	5	1	5	0	10	9	27	20	39	40	54	69	74	191	126	102	121	219	204	235	255	302	294	200	295	325	212	402	424	331	390	370	345	365	500	1515	839	727	992	832	1068	724	377	1110	493	401	388	631	936	577	377	701	615	0	376	359	221	343	330	266	211	265	137	156	219	236	139	107	159	426	129	92	64	88	51	64	76	191	0	57	59	37
爱沙尼亚	Estonia	0	0	0	0	0	0	0	0	0	0	0	0	0	0	0	0	0	0	0	0	0	0	0	0	0	0	0	0	0	0	0	0	0	0	0	0	0	0	0	0	0	0	0	0	0	0	0	0	1	0	0	0	0	0	0	0	4	5	0	0	2	1	3	1	51	67	36	34	20	33	9	16	23	46	0	17	35	134	37	65	0	105	34	79	103	57	79	11	41	36	0	22	51	51	23	41	27	34	25	53	16	7	17	7	33	13	30	8	4	13	6	23	5	5	1	3	8	2	7	5	8	6	2	5	5	7	0	12	4	10	7	3	6	7	14	2	1	10	6
安道尔	Andorra	0	0	0	0	0	0	0	0	0	0	0	0	0	0	0	0	0	0	0	0	0	0	0	0	0	0	0	0	0	0	0	0	0	0	0	0	0	0	0	0	0	0	0	0	0	0	0	0	0	0	0	0	1	0	0	0	0	0	0	0	0	0	0	0	1	0	0	13	0	39	21	13	26	19	31	21	35	43	4	41	0	62	20	0	38	38	35	25	19	19	19	18	0	37	8	0	27	0	23	8	0	9	4	0	6	0	0	15	2	3	0	0	2	0	2	1	2	1	0	1	0	2	1	0	3	2	1	0	0	0	0	0	1	0	0	0	1	0	0
安哥拉	Angola	0	0	0	0	0	0	0	0	0	0	0	0	0	0	0	0	0	0	0	0	0	0	0	0	0	0	0	0	0	0	0	0	0	0	0	0	0	0	0	0	0	0	0	0	0	0	0	0	0	0	0	0	0	0	0	0	0	0	0	0	0	0	0	0	0	0	0	0	0	0	0	0	0	0	0	0	0	3	1	1	2	0	0	1	0	0	2	4	2	1	2	0	0	0	0	0	0	0	0	0	5	0	0	0	1	0	0	0	1	0	1	0	0	3	5	0	0	1	0	0	7	0	2	0	0	0	3	0	0	0	2	2	6	0	2	1	8	1	1
安圭拉岛	Anguilla	0	0	0	0	0	0	0	0	0	0	0	0	0	0	0	0	0	0	0	0	0	0	0	0	0	0	0	0	0	0	0	0	0	0	0	0	0	0	0	0	0	0	0	0	0	0	0	0	0	0	0	0	0	0	0	0	0	0	0	0	0	0	0	0	0	0	0	0	0	0	0	0	0	0	0	0	0	0	0	2	0	0	0	0	0	0	0	0	0	0	0	0	0	0	0	0	0	0	0	0	0	0	0	0	0	0	0	0	0	0	0	0	0	0	0	0	0	0	0	0	0	0	0	0	0	1	0	0	0	0	0	0	0	0	0	0	0	0	0
安提瓜和巴布达	Antigua and Barbuda	0	0	0	0	0	0	0	0	0	0	0	0	0	0	0	0	0	0	0	0	0	0	0	0	0	0	0	0	0	0	0	0	0	0	0	0	0	0	0	0	0	0	0	0	0	0	0	0	0	0	0	0	0	0	0	0	0	0	0	0	0	0	0	0	0	1	0	0	0	0	0	0	0	0	0	0	0	0	0	2	0	4	0	0	0	0	0	0	8	4	0	0	0	2	2	0	0	0	0	0	0	0	0	1	0	0	0	0	0	0	0	0	0	1	0	0	0	0	0	0	0	0	0	0	0	0	0	0	0	0	0	0	0	0	0	0	0	0	0
奥地利	Austria	0	0	0	0	0	0	0	0	0	0	0	0	0	0	0	0	0	0	0	0	0	0	0	0	0	0	0	0	0	0	0	0	0	0	0	0	0	0	0	0	0	0	0	0	0	0	2	0	1	2	0	5	4	2	8	16	1	14	24	52	26	25	64	115	143	170	186	156	316	314	550	453	65	897	875	390	1125	397	1566	572	841	597	527	426	324	530	139	286	313	362	257	356	282	169	68	146	162	91	141	118	25	99	78	52	77	69	77	77	49	83	45	50	109	0	36	24	29	34	68	22	59	38	11	79	36	61	50	93	41	27	52	32	51	32	50	17	36	18	0
奥兰群岛	Aland	0	0	0	0	0	0	0	0	0	0	0	0	0	0	0	0	0	0	0	0	0	0	0	0	0	0	0	0	0	0	0	0	0	0	0	0	0	0	0	0	0	0	0	0	0	0	0	0	0	0	0	0	0	0	0	0	0	0	0	0	0	0	0	0	0	0	0	0	0	0	0	0	0	0	0	0	0	0	0	0	0	0	0	0	0	0	0	0	0	0	0	0	0	0	0	0	0	0	0	0	0	0	0	0	0	0	0	0	0	0	0	0	0	0	0	0	0	0	0	0	0	0	0	0	0	0	0	0	0	0	0	0	0	0	0	0	0	0	0
澳大利亚	Australia	0	0	0	0	0	0	0	0	0	0	0	0	0	0	0	1	3	1	0	1	1	1	3	0	0	1	1	0	1	0	0	0	0	0	0	0	0	0	0	0	0	0	0	2	0	0	7	0	0	1	1	3	1	11	1	12	7	4	10	9	18	16	27	0	92	36	96	81	64	123	241	174	47	611	114	600	376	367	469	345	265	314	305	269	197	220	137	110	98	118	95	96	88	25	42	135	0	0	28	43	21	33	6	22	13	7	10	34	9	11	15	8	13	16	18	22	28	24	22	17	15	12	7	22	10	9	30	18	8	15	8	11	4	12	16	3	4	15	6
巴巴多斯	Barbados	0	0	0	0	0	0	0	0	0	0	0	0	0	0	0	0	0	0	0	0	0	0	0	0	0	0	0	0	0	0	0	0	0	0	0	0	0	0	0	0	0	0	0	0	0	0	0	0	0	0	0	0	0	0	0	0	0	0	0	0	0	0	0	0	0	0	0	0	2	0	0	0	0	0	0	0	0	0	16	0	0	16	0	0	0	11	1	0	14	3	0	3	0	2	3	1	1	2	0	0	0	0	0	0	1	0	1	2	0	1	0	0	1	0	0	1	0	0	0	0	1	1	0	0	1	0	0	0	1	2	0	2	0	0	0	2	0	0	0
巴布亚新几内亚	Papua New Guinea	0	0	0	0	0	0	0	0	0	0	0	0	0	0	0	0	0	0	0	0	0	0	0	0	0	0	0	0	0	0	0	0	0	0	0	0	0	0	0	0	0	0	0	0	0	0	0	0	0	0	0	0	0	0	0	0	0	0	0	0	0	0	0	0	0	0	0	0	0	0	0	1	0	0	0	0	0	0	0	0	0	0	0	0	0	0	0	1	0	0	0	0	0	0	0	0	0	0	5	0	0	0	0	1	0	0	0	0	0	0	0	0	0	0	0	0	0	0	0	0	0	0	0	0	0	0	0	0	0	0	0	0	0	0	0	0	0	0	0
巴哈马	Bahamas	0	0	0	0	0	0	0	0	0	0	0	0	0	0	0	0	0	0	0	0	0	0	0	0	0	0	0	0	0	0	0	0	0	0	0	0	0	0	0	0	0	0	0	0	0	0	0	0	0	0	0	0	0	0	0	0	0	0	0	0	0	0	0	0	0	0	1	0	0	0	0	0	0	0	0	0	0	0	0	4	0	9	0	0	0	0	0	0	19	3	4	1	0	5	1	2	0	4	0	2	0	5	0	5	5	2	1	5	2	0	0	0	1	1	1	0	0	6	3	0	0	0	0	1	0	1	2	0	0	0	0	0	1	0	0	3	0	0	0
巴基斯坦	Pakistan	0	0	0	0	0	0	0	0	0	0	0	0	0	0	0	0	0	0	0	0	0	0	0	0	0	0	0	0	0	0	0	0	0	0	0	0	0	0	0	0	0	0	0	0	0	0	0	0	2	0	1	0	1	1	0	0	1	0	0	10	0	2	0	2	9	24	84	47	53	64	147	62	220	69	93	106	18	163	229	118	99	240	206	220	159	258	415	535	346	179	274	144	291	278	204	463	151	931	349	370	355	425	798	533	1062	344	1072	496	605	751	1210	828	1322	675	989	1083	1315	1049	1523	2362	1039	1991	1476	1733	1662	1452	1430	1581	1352	1974	1841	1932	2193	2603	1743	2164	1748	1356	1446
巴拉圭	Paraguay	0	0	0	0	0	0	0	0	0	0	0	0	0	0	0	0	0	0	0	0	0	0	0	0	0	0	0	0	0	0	0	0	0	0	0	0	0	0	0	0	0	0	0	0	0	0	0	0	0	0	0	0	0	0	0	0	0	0	1	0	0	1	0	0	4	0	0	0	0	0	0	12	4	0	0	15	0	4	0	0	0	24	0	0	0	31	8	9	2	4	5	5	0	5	13	12	2	13	25	3	4	2	0	5	0	7	3	5	0	2	9	10	17	67	37	26	19	16	9	22	101	126	24	11	13	3	14	5	19	8	2	41	4	3	2	12	12	3	12
巴勒斯坦	Palestine	0	0	0	0	0	0	0	0	0	0	0	0	0	0	0	0	0	0	0	0	0	0	0	0	0	0	0	0	0	0	0	0	0	0	0	0	0	0	0	0	0	0	0	0	0	0	0	0	0	0	0	0	0	0	0	0	7	9	3	0	0	11	0	1	4	0	0	0	6	3	3	1	11	0	0	1	4	20	7	13	2	9	19	0	26	50	16	26	8	3	0	0	0	5	22	18	0	66	28	16	13	18	12	13	6	0	4	11	0	0	2	0	0	0	0	0	0	0	0	0	0	0	0	0	0	0	0	0	0	0	0	0	0	0	0	0	0	0	0
巴林	Bahrain	0	0	0	0	0	0	0	0	0	0	0	0	0	0	0	0	0	0	0	0	0	0	0	0	0	0	0	0	0	0	0	0	0	0	0	0	0	0	0	0	0	0	0	0	0	1	16	9	7	3	5	0	6	0	0	0	9	0	21	32	0	0	86	15	1	3	7	16	19	13	16	21	28	5	52	28	38	9	7	26	16	52	2	66	37	16	10	25	88	10	34	58	103	71	261	174	149	27	2	67	106	22	57	57	89	119	371	0	120	102	59	168	132	104	83	27	296	163	289	273	191	261	301	252	371	36	382	457	275	26	418	469	196	135	600	319	71	59	410
巴拿马	Panama	0	0	0	0	0	0	0	0	0	0	0	0	0	0	0	0	0	0	0	0	0	0	0	0	0	0	0	0	0	0	0	0	0	0	0	0	0	0	0	0	0	0	0	0	0	0	0	0	0	0	0	0	0	0	0	0	0	0	0	0	1	7	3	16	9	7	0	26	17	0	0	114	45	0	0	198	115	116	112	115	88	86	0	242	158	198	128	187	112	149	279	224	222	260	166	72	102	177	265	194	63	194	191	163	171	174	372	0	241	242	179	178	154	188	370	107	190	136	208	137	202	212	166	168	167	161	174	150	181	157	120	141	110	139	151	310	349	257	264
巴西	Brazil	0	0	0	0	0	0	0	0	0	0	0	0	0	0	0	0	0	0	0	0	0	0	0	0	0	0	0	0	0	0	0	0	0	0	0	0	0	0	0	0	0	0	0	0	0	0	0	1	0	0	0	1	0	0	0	1	5	5	6	6	0	9	18	25	21	53	49	34	57	223	107	283	224	418	345	310	232	482	562	427	426	351	1131	1176	1078	1150	1215	867	942	1912	2086	1938	1767	1041	1334	1637	1803	3257	1876	0	6034	2219	1670	2778	2756	4164	3531	5281	4004	4118	5789	6450	7502	5443	4470	4726	6794	7679	11090	9130	10484	9058	7449	6511	8193	13867	12714	15496	13220	7569	16316	14489	21472	17564	19969	18223	14098	11687	16324
白俄罗斯	Belarus	0	0	0	0	0	0	0	0	0	0	0	0	0	0	0	0	0	0	0	0	0	0	0	0	0	0	0	0	0	0	0	0	0	0	0	0	0	0	0	0	0	0	0	0	0	0	0	0	0	1	0	0	0	0	3	0	2	0	0	0	3	0	0	3	0	15	0	0	0	24	18	0	0	12	0	5	0	0	0	0	0	66	11	91	97	89	122	138	160	206	0	915	245	352	341	362	447	476	575	0	0	1485	0	1017	741	751	817	873	826	919	973	846	890	911	877	784	861	905	913	933	951	921	933	967	952	947	0	1909	969	922	936	918	945	932	941	954	946	915	897
百慕大	Bermuda	0	0	0	0	0	0	0	0	0	0	0	0	0	0	0	0	0	0	0	0	0	0	0	0	0	0	0	0	0	0	0	0	0	0	0	0	0	0	0	0	0	0	0	0	0	0	0	0	0	0	0	0	0	0	0	0	0	0	0	0	0	0	0	0	0	0	0	0	0	0	0	0	0	0	0	0	0	0	7	0	0	0	0	0	0	0	0	0	0	0	0	0	0	0	0	0	0	0	0	0	0	0	0	0	0	0	0	0	0	0	0	0	0	0	0	0	0	0	0	0	0	0	0	0	0	0	0	0	0	0	0	0	0	0	0	0	0	0	0
保加利亚	Bulgaria	0	0	0	0	0	0	0	0	0	0	0	0	0	0	0	0	0	0	0	0	0	0	0	0	0	0	0	0	0	0	0	0	0	0	0	0	0	0	0	0	0	0	0	0	0	0	0	0	0	0	0	0	0	0	0	0	0	0	0	2	0	0	5	16	7	6	15	0	30	11	15	20	36	24	14	17	24	22	49	0	0	46	40	50	28	26	28	0	34	16	30	24	13	21	7	37	22	48	42	40	19	45	37	49	66	90	63	56	58	51	38	51	53	47	23	21	57	69	53	54	46	44	26	23	65	31	38	37	36	24	24	33	39	41	36	19	6	10	17
北马里亚纳群岛	Northern Mariana Islands	0	0	0	0	0	0	0	0	0	0	0	0	0	0	0	0	0	0	0	0	0	0	0	0	0	0	0	0	0	0	0	0	0	0	0	0	0	0	0	0	0	0	0	0	0	0	0	0	0	0	0	0	0	0	0	0	0	0	0	0	0	0	0	0	0	0	0	0	0	0	0	0	0	0	0	0	0	0	0	0	0	0	0	0	0	0	0	0	0	0	0	0	0	0	0	0	0	0	0	0	0	0	0	0	0	0	0	0	0	0	0	0	0	0	0	0	0	0	0	0	0	0	0	0	0	0	0	0	0	0	0	0	0	0	0	0	0	0	0
北塞浦路斯	Northern Cyprus	0	0	0	0	0	0	0	0	0	0	0	0	0	0	0	0	0	0	0	0	0	0	0	0	0	0	0	0	0	0	0	0	0	0	0	0	0	0	0	0	0	0	0	0	0	0	0	0	0	0	0	0	0	0	0	0	0	0	0	0	0	0	0	0	0	0	0	0	0	0	0	0	0	0	0	0	0	0	0	0	0	0	0	0	0	0	0	0	0	0	0	0	0	0	0	0	0	0	0	0	0	0	0	0	0	0	0	0	0	0	0	0	0	0	0	0	0	0	0	0	0	0	0	0	0	0	0	0	0	0	0	0	0	0	0	0	0	0	0
贝宁	Benin	0	0	0	0	0	0	0	0	0	0	0	0	0	0	0	0	0	0	0	0	0	0	0	0	0	0	0	0	0	0	0	0	0	0	0	0	0	0	0	0	0	0	0	0	0	0	0	0	0	0	0	0	0	0	0	0	0	0	0	0	0	0	0	0	0	0	1	0	0	0	0	0	0	0	4	0	0	0	1	0	0	0	0	7	0	3	0	6	4	0	0	0	0	9	0	0	0	0	0	0	0	19	0	0	0	0	0	0	10	0	0	0	0	26	0	6	0	0	44	102	42	35	0	8	0	0	12	0	0	0	0	0	0	0	0	0	0	0	0
比利时	Belgium	0	0	0	0	0	0	0	0	0	0	0	0	0	0	0	0	0	0	0	0	0	0	0	0	0	1	0	0	0	0	0	0	0	0	0	0	0	0	0	0	0	0	0	0	0	0	0	0	0	0	0	1	6	5	0	37	59	0	60	70	0	28	132	157	133	197	199	158	0	0	1014	558	586	342	519	675	1298	1049	1850	1702	1063	876	1189	1384	1422	1661	1530	853	1380	1209	1580	1684	1351	1629	1142	330	2454	1236	1329	1045	1313	1487	973	933	908	1496	1034	807	553	647	525	660	513	485	389	361	242	272	639	591	585	485	368	330	202	307	356	345	291	279	232	192	252	276	299	282	250	113	137
冰岛	Iceland	0	0	0	0	0	0	0	0	0	0	0	0	0	0	0	0	0	0	0	0	0	0	0	0	0	0	0	0	0	0	0	0	0	0	0	0	0	0	0	0	0	0	0	0	0	0	0	0	0	0	1	0	2	6	5	20	0	11	5	10	0	9	21	19	19	28	21	3	40	0	110	79	64	95	20	60	91	63	134	27	57	66	134	99	0	98	69	40	60	0	30	32	27	26	0	10	9	7	12	21	0	13	5	7	4	0	1	0	2	3	0	2	0	1	0	1	0	0	0	2	0	0	0	0	1	0	0	0	0	0	0	1	0	0	1	0	0	-3	4
波兰	Poland	0	0	0	0	0	0	0	0	0	0	0	0	0	0	0	0	0	0	0	0	0	0	0	0	0	0	0	0	0	0	0	0	0	0	0	0	0	0	0	0	0	0	0	0	0	0	0	0	0	0	0	0	0	0	1	0	0	4	1	11	1	4	9	20	17	36	21	62	51	0	117	70	138	71	115	152	0	320	168	328	188	310	132	286	516	354	331	367	331	468	341	401	346	268	318	375	359	363	443	349	519	371	284	297	312	413	308	328	366	457	197	366	324	270	318	244	305	405	251	302	310	311	385	355	501	407	146	569	210	352	334	489	414	396	459	398	204	427	436
波斯尼亚和黑塞哥维那	Bosnia and Herzegovina	0	0	0	0	0	0	0	0	0	0	0	0	0	0	0	0	0	0	0	0	0	0	0	0	0	0	0	0	0	0	0	0	0	0	0	0	0	0	0	0	0	0	0	0	0	0	0	0	0	0	0	0	0	0	0	1	0	0	2	0	2	2	4	2	0	8	3	0	0	0	40	0	29	0	38	0	45	0	16	38	94	44	41	81	53	74	37	20	80	23	27	54	77	65	30	53	27	57	32	86	0	24	33	26	45	8	65	30	49	20	92	80	0	82	18	69	20	41	40	43	20	27	24	17	23	37	0	49	23	0	31	17	12	22	19	10	5	10	19
玻利维亚	Bolivia	0	0	0	0	0	0	0	0	0	0	0	0	0	0	0	0	0	0	0	0	0	0	0	0	0	0	0	0	0	0	0	0	0	0	0	0	0	0	0	0	0	0	0	0	0	0	0	0	0	0	0	0	0	0	0	0	0	0	0	0	0	2	0	0	0	8	0	0	0	0	0	0	0	0	0	0	29	0	0	0	0	58	0	0	0	42	18	26	11	16	54	4	0	32	30	24	43	44	24	28	27	44	34	11	63	31	0	163	84	64	39	57	57	62	241	124	87	121	84	195	185	171	119	275	133	184	224	205	249	262	175	218	438	268	392	336	348	397	476
伯利兹	Belize	0	0	0	0	0	0	0	0	0	0	0	0	0	0	0	0	0	0	0	0	0	0	0	0	0	0	0	0	0	0	0	0	0	0	0	0	0	0	0	0	0	0	0	0	0	0	0	0	0	0	0	0	0	0	0	0	0	0	0	0	0	0	0	0	0	0	0	0	0	0	0	0	0	0	1	0	0	0	1	0	0	1	0	0	0	0	0	0	4	0	1	2	0	3	1	4	0	0	0	0	0	0	0	0	0	0	0	0	0	0	0	0	0	0	0	0	0	0	0	0	0	0	0	0	0	0	0	0	0	0	0	0	0	0	0	0	0	0	0
博茨瓦纳	Botswana	0	0	0	0	0	0	0	0	0	0	0	0	0	0	0	0	0	0	0	0	0	0	0	0	0	0	0	0	0	0	0	0	0	0	0	0	0	0	0	0	0	0	0	0	0	0	0	0	0	0	0	0	0	0	0	0	0	0	0	0	0	0	0	0	0	0	0	0	0	0	0	0	0	0	0	0	0	0	0	0	0	3	1	0	0	0	0	0	2	0	7	0	0	0	0	0	0	2	0	5	0	0	0	0	2	0	0	0	0	0	1	0	0	0	0	0	0	0	0	0	0	0	1	0	0	0	0	0	0	1	0	0	4	0	1	0	5	0	0
博内尔、新尤斯特歇斯和萨巴	Bonaire, Sint Eustatius and Saba	0	0	0	0	0	0	0	0	0	0	0	0	0	0	0	0	0	0	0	0	0	0	0	0	0	0	0	0	0	0	0	0	0	0	0	0	0	0	0	0	0	0	0	0	0	0	0	0	0	0	0	0	0	0	0	0	0	0	0	0	0	0	0	0	0	0	0	0	0	0	0	0	0	0	0	0	0	0	0	0	0	0	0	0	0	0	0	0	0	0	0	0	0	0	0	0	0	0	0	0	0	0	0	0	0	0	0	0	0	0	0	0	0	0	0	0	0	0	0	0	0	0	0	0	0	0	0	0	0	0	0	0	0	0	0	0	0	0	0
不丹	Bhutan	0	0	0	0	0	0	0	0	0	0	0	0	0	0	0	0	0	0	0	0	0	0	0	0	0	0	0	0	0	0	0	0	0	0	0	0	0	0	0	0	0	0	0	0	0	0	0	0	0	0	0	0	0	0	0	0	1	0	0	0	0	0	0	0	0	0	0	0	0	0	0	0	0	0	0	0	0	0	2	0	0	1	0	0	0	0	0	0	1	0	0	0	0	0	0	0	0	0	0	0	0	0	1	0	1	0	0	0	0	0	0	0	0	0	0	0	0	0	0	0	0	0	2	2	0	8	1	1	0	0	0	0	0	0	3	0	3	0	0
布基纳法索	Burkina Faso	0	0	0	0	0	0	0	0	0	0	0	0	0	0	0	0	0	0	0	0	0	0	0	0	0	0	0	0	0	0	0	0	0	0	0	0	0	0	0	0	0	0	0	0	0	0	0	0	0	0	0	0	0	0	0	0	0	0	0	2	0	0	0	0	0	0	13	0	5	0	0	20	0	0	74	0	32	6	28	27	15	24	15	27	0	14	16	27	19	20	30	29	0	41	13	18	13	14	4	11	8	11	5	19	9	7	13	0	3	6	0	3	4	4	3	10	10	16	41	7	8	4	3	9	6	7	0	7	2	14	0	13	3	0	2	0	18	0	13
布韦特岛	Bouvet Island	0	0	0	0	0	0	0	0	0	0	0	0	0	0	0	0	0	0	0	0	0	0	0	0	0	0	0	0	0	0	0	0	0	0	0	0	0	0	0	0	0	0	0	0	0	0	0	0	0	0	0	0	0	0	0	0	0	0	0	0	0	0	0	0	0	0	0	0	0	0	0	0	0	0	0	0	0	0	0	0	0	0	0	0	0	0	0	0	0	0	0	0	0	0	0	0	0	0	0	0	0	0	0	0	0	0	0	0	0	0	0	0	0	0	0	0	0	0	0	0	0	0	0	0	0	0	0	0	0	27	0	0	0	0	0	0	0	0	0
朝鲜	North Korea	0	0	0	0	0	0	0	0	0	0	0	0	0	0	0	0	0	0	0	0	0	0	0	0	0	0	0	0	0	0	0	0	0	0	0	0	0	0	0	0	0	0	0	0	0	0	0	0	0	0	0	0	0	0	0	0	0	0	0	0	0	0	0	0	0	0	0	0	0	0	0	0	0	0	0	0	0	0	0	0	0	0	0	0	0	0	0	0	0	0	0	0	0	0	0	0	0	0	0	0	0	0	0	0	0	0	0	0	0	0	0	0	0	0	0	0	0	0	0	0	0	0	0	0	0	0	0	0	0	0	0	0	0	0	0	0	0	0	0
赤道几内亚	Equatorial Guinea	0	0	0	0	0	0	0	0	0	0	0	0	0	0	0	0	0	0	0	0	0	0	0	0	0	0	0	0	0	0	0	0	0	0	0	0	0	0	0	0	0	0	0	0	0	0	0	0	0	0	0	0	0	0	0	0	0	0	0	0	0	0	0	0	0	1	0	0	2	1	2	0	0	3	0	0	2	1	1	0	1	0	0	0	0	2	0	0	0	0	2	0	0	3	0	0	20	10	0	28	0	0	0	4	1	0	130	44	0	0	57	0	0	0	0	0	0	124	0	0	0	0	0	0	0	0	0	0	0	0	0	0	0	0	0	0	0	0	0
丹麦	Denmark	0	0	0	0	0	0	0	0	0	0	0	0	0	0	0	0	0	0	0	0	0	0	0	0	0	0	0	0	0	0	0	0	0	0	0	0	0	0	0	0	0	0	0	0	0	0	0	0	1	0	1	1	1	2	4	5	5	3	4	32	54	149	252	271	16	26	71	16	63	80	169	29	71	124	127	14	133	153	323	364	169	261	98	450	319	216	484	280	332	408	249	184	177	178	144	178	185	198	194	169	143	131	180	217	163	137	235	130	123	153	157	150	153	96	116	147	151	117	145	135	101	110	0	0	83	0	61	11	96	0	29	106	65	13	57	0	83	0	0
德国	Germany	0	0	0	0	0	0	0	0	0	0	0	0	0	0	0	0	0	0	1	3	0	2	1	3	0	2	0	0	1	0	0	1	0	2	0	0	0	0	0	0	0	0	0	0	0	0	0	5	4	20	21	51	13	66	44	109	229	109	160	292	157	228	554	1039	0	2309	1246	600	2810	2245	5326	2928	3340	3260	4189	5219	2983	5451	8317	4907	5682	3122	7457	6133	4422	7087	3942	4094	3864	5279	4616	4911	3996	3514	2300	2408	2240	1439	3980	3550	2065	2203	1042	1765	2098	2302	2173	1529	1389	221	1529	1788	962	1757	647	0	1058	893	779	1394	1285	948	84	78	76	46	0	145	69	41	76	73	65	48	59	71	28	41	52
东帝汶	Timor-Leste	0	0	0	0	0	0	0	0	0	0	0	0	0	0	0	0	0	0	0	0	0	0	0	0	0	0	0	0	0	0	0	0	0	0	0	0	0	0	0	0	0	0	0	0	0	0	0	0	0	0	0	0	0	0	0	0	0	0	0	0	0	0	0	0	0	0	0	0	0	0	0	1	0	0	0	0	0	0	0	0	0	0	0	0	0	0	0	0	0	0	0	1	0	0	2	2	2	10	0	0	1	3	2	0	0	0	0	0	0	0	0	0	0	0	0	0	0	0	0	0	0	0	1036	551	274	923	865	688	527	484	384	649	257	402	637	226	1012	0	523
多哥	Togo	0	0	0	0	0	0	0	0	0	0	0	0	0	0	0	0	0	0	0	0	0	0	0	0	0	0	0	0	0	0	0	0	0	0	0	0	0	0	0	0	0	0	0	0	0	0	0	0	0	0	0	0	0	0	0	0	0	1	0	0	0	0	0	0	0	0	0	0	0	0	8	7	0	0	0	0	0	0	8	0	6	4	0	5	0	2	3	8	6	7	8	3	0	0	1	0	4	0	2	1	0	0	0	4	0	2	6	0	2	1	0	17	0	7	1	2	0	2	0	17	0	8	0	0	0	0	0	0	0	0	0	0	0	0	0	0	0	0	0
多米尼加共和国	Dominican Republic	0	0	0	0	0	0	0	0	0	0	0	0	0	0	0	0	0	0	0	0	0	0	0	0	0	0	0	0	0	0	0	0	0	0	0	0	0	0	0	0	0	0	0	0	0	0	0	0	0	0	0	1	0	0	0	0	0	0	0	0	0	0	0	0	0	4	0	16	0	1	12	0	0	0	0	0	0	0	0	0	825	42	383	0	96	108	257	0	83	128	155	238	271	139	208	200	119	328	141	371	209	345	284	80	256	243	206	177	209	158	123	236	320	316	290	376	281	245	327	288	281	506	21	7	18	20	19	25	35	3	29	8	2	14	9	10	8	5	5
多米尼克	Dominica	0	0	0	0	0	0	0	0	0	0	0	0	0	0	0	0	0	0	0	0	0	0	0	0	0	0	0	0	0	0	0	0	0	0	0	0	0	0	0	0	0	0	0	0	0	0	0	0	0	0	0	0	0	0	0	0	0	0	0	0	0	0	0	0	0	0	0	0	0	0	0	0	0	0	0	0	0	10	0	0	0	0	0	0	0	0	0	0	0	0	0	0	1	0	0	2	0	0	1	0	1	0	0	6	0	0	0	0	0	0	0	0	0	0	0	0	0	0	0	0	0	0	465	287	266	296	124	419	371	204	411	498	254	180	332	433	379	272	191
俄罗斯	Russia	0	0	0	0	0	0	0	0	0	0	0	0	0	0	0	0	0	0	0	0	0	2	0	0	0	0	0	0	0	0	0	0	0	0	0	0	0	0	0	0	0	0	0	0	0	0	0	0	0	0	0	0	0	0	0	5	1	0	2	0	0	10	8	17	2	16	30	0	54	52	54	53	0	132	60	160	182	196	228	275	297	501	440	771	601	582	658	954	1154	1175	1629	1616	1667	2186	2558	2774	3388	3448	4070	4785	6060	4268	5642	5236	4774	5849	5966	6361	6198	6411	5841	7099	7933	9623	10633	10581	10102	10559	11231	10699	10817	11012	0	0	0	0	0	0	0	0	0	0	0	0	0	0	0	0	0
厄瓜多尔	Ecuador	0	0	0	0	0	0	0	0	0	0	0	0	0	0	0	0	0	0	0	0	0	0	0	0	0	0	0	0	0	0	0	0	0	0	0	0	0	0	0	0	0	0	0	0	0	0	0	0	0	0	0	1	5	0	1	3	3	0	0	0	0	2	0	0	8	0	0	35	53	44	105	107	0	0	0	0	0	1015	245	196	101	42	274	518	405	205	97	181	101	248	455	515	2196	96	209	63	74	255	367	225	572	446	660	270	452	11310	559	0	0	521	1018	417	259	1402	1128	2074	2343	0	0	0	0	0	11656	10899	10028	9974	10598	9200	9709	8926	9263	8764	8849	8894	9434	8599	8946	8915	8338
厄立特里亚	Eritrea	0	0	0	0	0	0	0	0	0	0	0	0	0	0	0	0	0	0	0	0	0	0	0	0	0	0	0	0	0	0	0	0	0	0	0	0	0	0	0	0	0	0	0	0	0	0	0	0	0	0	0	0	0	0	0	0	0	0	0	0	0	0	0	0	0	0	0	0	0	0	0	0	1	0	0	0	3	2	0	0	6	3	0	3	0	4	7	0	2	0	2	0	0	1	0	0	1	0	0	4	0	0	0	0	0	0	0	0	0	0	0	0	0	0	0	0	0	0	0	0	0	0	0	0	0	0	0	0	882	419	400	569	703	452	522	430	498	599	0
法国	France	0	0	0	0	0	0	0	0	0	0	0	0	0	0	2	1	0	0	0	1	1	1	0	0	0	0	0	0	0	5	0	0	0	0	0	0	0	1	0	0	0	0	0	0	0	0	0	5	1	23	32	27	30	61	21	165	200	36	336	463	372	0	497	595	785	839	923	1210	1097	1404	1861	1617	1847	1559	3838	2446	2931	3922	4259	4691	2646	4458	7627	4944	2149	23100	7824	2927	5204	11086	3912	4808	7141	4799	2942	4215	0	9976	0	1269	3846	1120	2397	2805	15	180	457	1713	555	3816	0	1310	0	0	1172	407	658	1111	3530	694	1291	573	0	0	0	0	0	0	0	0	0	0	0	0	0	0	0	0	0
法罗群岛	Faroe Islands	0	0	0	0	0	0	0	0	0	0	0	0	0	0	0	0	0	0	0	0	0	0	0	0	0	0	0	0	0	0	0	0	0	0	0	0	0	0	0	0	0	0	0	0	0	0	0	0	0	0	0	0	0	0	0	0	0	0	0	0	0	0	0	2	0	0	0	0	0	0	0	0	0	113	7	0	10	12	0	0	15	0	0	0	0	0	0	0	0	0	0	0	0	25	0	0	0	0	0	0	0	0	0	0	0	0	0	0	0	0	0	0	0	0	0	0	0	0	0	0	0	0	312	453	802	0	645	636	0	63	358	882	767	251	67	18	673	358	0
法属波利尼西亚	French Polynesia	0	0	0	0	0	0	0	0	0	0	0	0	0	0	0	0	0	0	0	0	0	0	0	0	0	0	0	0	0	0	0	0	0	0	0	0	0	0	0	0	0	0	0	0	0	0	0	0	0	0	0	0	0	0	0	0	0	0	0	0	0	0	0	1	0	0	0	0	0	0	0	0	0	0	0	0	0	0	29	0	0	0	0	0	0	0	0	0	0	0	0	0	0	0	0	0	0	0	0	0	0	0	0	0	0	0	0	0	0	0	0	0	0	0	28	0	0	0	0	0	0	2	0	0	0	0	0	0	0	0	0	0	0	0	0	0	0	0	0
法属圭亚那	French Guiana	0	0	0	0	0	0	0	0	0	0	0	0	0	0	0	0	0	0	0	0	0	0	0	0	0	0	0	0	0	0	0	0	0	0	0	0	0	0	0	0	0	0	0	0	0	0	0	0	0	0	0	0	0	0	0	0	0	0	0	0	0	0	0	5	0	0	0	0	6	0	4	0	3	1	0	4	5	0	0	0	0	0	0	0	0	0	0	0	0	0	0	0	0	55	0	0	0	3	0	0	0	0	0	0	0	0	0	0	0	0	0	0	0	0	42	0	0	0	0	0	0	16	0	0	0	0	0	0	0	0	0	0	0	0	0	0	0	0	0
法属南部领地	French Southern Territories	0	0	0	0	0	0	0	0	0	0	0	0	0	0	0	0	0	0	0	0	0	0	0	0	0	0	0	0	0	0	0	0	0	0	0	0	0	0	0	0	0	0	0	0	0	0	0	0	0	0	0	0	0	0	0	0	0	0	0	0	0	0	0	0	0	0	0	0	0	0	0	0	0	0	0	0	0	0	0	0	0	0	0	0	0	0	0	0	0	0	0	0	0	0	0	0	0	0	0	0	0	0	0	0	0	0	0	0	0	0	0	0	0	0	0	0	0	0	0	0	0	0	0	0	0	9	11	0	0	0	33	0	0	0	0	0	0	0	0
梵蒂冈城	Vatican City	0	0	0	0	0	0	0	0	0	0	0	0	0	0	0	0	0	0	0	0	0	0	0	0	0	0	0	0	0	0	0	0	0	0	0	0	0	0	0	0	0	0	0	0	0	0	0	0	0	0	0	0	0	0	0	0	1	0	0	0	0	0	0	0	0	0	0	0	0	0	0	0	0	0	0	0	0	0	3	2	0	0	0	0	0	1	0	0	0	0	1	0	0	0	0	0	0	0	0	0	0	0	1	0	0	0	0	0	0	0	1	0	1	0	0	0	0	0	1	0	0	0	0	0	0	0	0	0	0	0	0	0	0	0	0	0	0	0	0
菲律宾	Philippines	0	0	0	0	0	0	0	0	0	0	0	0	0	0	0	0	0	0	0	0	1	0	0	1	0	0	1	0	0	0	0	0	0	0	0	0	0	0	0	0	0	0	0	0	0	0	0	0	0	0	0	0	0	0	0	0	2	1	0	18	9	2	17	12	34	42	2	45	15	15	13	32	118	82	90	84	71	96	272	343	128	538	227	322	385	76	152	414	104	106	206	119	233	220	284	291	230	207	218	209	172	200	140	111	271	211	102	285	198	181	254	276	284	156	295	262	199	320	339	120	147	184	0	0	0	0	0	0	0	0	0	0	0	0	0	0	0	0	0
斐济	Fiji	0	0	0	0	0	0	0	0	0	0	0	0	0	0	0	0	0	0	0	0	0	0	0	0	0	0	0	0	0	0	0	0	0	0	0	0	0	0	0	0	0	0	0	0	0	0	0	0	0	0	0	0	0	0	0	0	0	0	0	0	0	0	0	0	0	0	0	0	0	1	0	0	0	0	0	0	0	0	4	0	0	0	0	0	0	0	0	0	10	0	0	1	0	0	0	0	0	1	0	0	0	1	0	0	0	0	0	0	0	0	0	0	0	0	0	0	0	0	0	0	0	0	292	264	268	258	215	214	208	205	224	279	213	163	180	258	284	350	380
芬兰	Finland	0	0	0	0	0	0	0	0	0	0	0	0	0	0	0	0	0	0	0	0	1	0	0	0	0	0	0	0	0	0	0	0	0	0	0	0	0	0	0	0	0	0	0	0	0	0	0	0	1	0	1	0	3	0	0	6	3	0	4	11	10	0	25	90	0	89	0	28	0	87	41	121	0	105	74	92	88	0	283	4	176	75	28	72	97	267	45	249	132	179	118	164	136	69	90	97	76	132	120	192	102	85	146	115	155	111	80	101	119	45	166	89	56	125	78	73	85	161	100	65	142	83	0	0	0	0	0	0	0	0	0	0	0	0	0	0	0	0	0
佛得角	Cape Verde	0	0	0	0	0	0	0	0	0	0	0	0	0	0	0	0	0	0	0	0	0	0	0	0	0	0	0	0	0	0	0	0	0	0	0	0	0	0	0	0	0	0	0	0	0	0	0	0	0	0	0	0	0	0	0	0	0	0	0	0	0	0	0	0	0	0	0	0	0	0	1	0	0	0	2	0	0	0	2	0	0	1	0	0	0	1	0	0	0	0	0	0	0	1	2	0	35	11	0	2	3	6	0	1	14	6	2	0	19	5	0	0	8	0	30	23	11	5	27	0	12	6	21	19	51	91	83	58	61	33	19	44	50	44	31	11	20	29	64
福克兰群岛	Falkland Islands	0	0	0	0	0	0	0	0	0	0	0	0	0	0	0	0	0	0	0	0	0	0	0	0	0	0	0	0	0	0	0	0	0	0	0	0	0	0	0	0	0	0	0	0	0	0	0	0	0	0	0	0	0	0	0	0	0	0	0	0	0	0	0	0	0	0	0	0	0	0	0	0	0	0	0	0	0	0	0	0	0	0	0	0	0	0	0	0	0	0	0	0	0	0	0	0	0	0	0	0	0	0	0	0	0	0	0	0	0	0	0	0	0	0	0	0	0	0	0	0	0	0	10	14	29	0	26	11	2	0	0	7	14	7	15	0	19	0	0
冈比亚	Gambia	0	0	0	0	0	0	0	0	0	0	0	0	0	0	0	0	0	0	0	0	0	0	0	0	0	0	0	0	0	0	0	0	0	0	0	0	0	0	0	0	0	0	0	0	0	0	0	0	0	0	0	0	0	0	0	0	0	0	0	0	0	0	0	0	0	0	0	0	1	0	0	0	0	1	0	1	0	0	0	0	1	0	0	0	0	0	0	0	0	0	0	0	0	0	0	5	0	0	0	0	0	1	0	0	0	0	0	0	0	0	0	1	1	0	5	0	0	0	0	1	2	0	0	0	0	0	0	0	0	0	0	0	0	0	0	0	0	0	0
刚果共和国	Republic of Congo	0	0	0	0	0	0	0	0	0	0	0	0	0	0	0	0	0	0	0	0	0	0	0	0	0	0	0	0	0	0	0	0	0	0	0	0	0	0	0	0	0	0	0	0	0	0	0	0	0	0	0	0	0	0	0	0	0	0	0	0	0	0	0	0	0	1	0	0	0	0	0	0	3	0	0	0	0	0	15	0	0	0	3	0	19	0	4	4	0	11	0	0	0	10	0	4	43	0	0	26	0	17	0	5	21	0	14	0	0	7	0	13	0	9	0	0	7	0	28	10	0	0	0	2	1	0	0	0	0	0	1	0	0	0	1	0	0	0	0
刚果民主共和国	Democratic Republic of the Congo	0	0	0	0	0	0	0	0	0	0	0	0	0	0	0	0	0	0	0	0	0	0	0	0	0	0	0	0	0	0	0	0	0	0	0	0	0	0	0	0	0	0	0	0	0	0	0	0	0	0	0	0	0	0	0	0	0	0	0	0	0	1	0	1	0	1	0	0	4	7	4	5	0	7	15	3	3	3	0	4	23	17	11	14	11	14	6	7	19	3	24	8	0	19	1	6	13	13	20	20	20	0	23	9	18	17	22	26	17	12	20	9	72	32	70	8	23	92	66	34	40	54	0	59	0	0	58	0	0	0	21	8	0	49	0	18	0	0	0
哥伦比亚	Colombia	0	0	0	0	0	0	0	0	0	0	0	0	0	0	0	0	0	0	0	0	0	0	0	0	0	0	0	0	0	0	0	0	0	0	0	0	0	0	0	0	0	0	0	0	0	0	0	0	0	0	0	0	0	0	0	0	0	1	0	0	0	2	6	0	4	9	12	23	18	27	6	50	52	25	42	101	92	21	48	69	94	96	108	159	96	106	139	79	94	201	274	169	250	236	67	76	127	126	128	206	182	171	185	172	207	205	320	261	237	218	352	262	296	499	279	383	305	640	346	497	595	444	0	111	67	73	57	71	85	0	174	102	104	110	80	116	0	260	145
哥斯达黎加	Costa Rica	0	0	0	0	0	0	0	0	0	0	0	0	0	0	0	0	0	0	0	0	0	0	0	0	0	0	0	0	0	0	0	0	0	0	0	0	0	0	0	0	0	0	0	0	0	0	0	0	0	0	0	0	0	0	0	0	0	1	0	8	0	4	0	0	0	0	22	6	0	28	18	26	0	0	45	0	43	30	32	32	0	35	17	0	49	20	19	19	13	16	19	37	0	38	18	17	6	8	16	7	6	5	2	7	12	6	0	6	2	2	8	8	6	6	8	6	3	13	6	4	8	7	568	550	659	658	680	606	723	635	721	640	752	643	801	1046	998	806	1022
格恩西岛	Guernsey	0	0	0	0	0	0	0	0	0	0	0	0	0	0	0	0	0	0	0	0	0	0	0	0	0	0	0	0	0	0	0	0	0	0	0	0	0	0	0	0	0	0	0	0	0	0	0	0	0	0	0	0	0	0	0	0	0	0	0	0	0	0	0	0	0	0	0	0	0	0	0	0	0	0	0	0	0	0	0	0	0	0	0	0	0	0	0	0	0	0	0	0	0	0	0	0	0	0	0	0	0	0	0	0	0	0	0	0	0	0	0	0	0	0	0	0	0	0	0	0	0	0	12	9	3	11	15	13	10	10	3	16	15	6	8	7	12	21	5
格林纳达	Grenada	0	0	0	0	0	0	0	0	0	0	0	0	0	0	0	0	0	0	0	0	0	0	0	0	0	0	0	0	0	0	0	0	0	0	0	0	0	0	0	0	0	0	0	0	0	0	0	0	0	0	0	0	0	0	0	0	0	0	0	0	0	0	0	0	0	0	0	0	0	0	0	0	0	0	0	0	0	7	0	0	0	2	0	0	0	0	0	0	3	0	0	0	0	2	0	0	0	0	0	0	0	0	0	0	1	0	0	3	0	0	1	1	0	0	1	0	0	0	0	0	0	0	0	0	0	0	0	0	0	0	0	0	0	0	0	0	0	0	0
格陵兰	Greenland	0	0	0	0	0	0	0	0	0	0	0	0	0	0	0	0	0	0	0	0	0	0	0	0	0	0	0	0	0	0	0	0	0	0	0	0	0	0	0	0	0	0	0	0	0	0	0	0	0	0	0	0	0	0	0	0	0	0	0	0	0	0	0	0	0	0	0	0	1	0	0	0	0	0	0	3	2	0	0	0	0	0	0	0	0	0	0	0	0	0	0	0	0	5	0	0	0	0	0	0	0	0	0	0	0	0	0	0	0	0	0	0	0	0	0	0	0	0	0	0	0	0	0	0	0	0	0	1	0	0	0	0	0	0	0	0	0	1	-10
格鲁吉亚	Georgia	0	0	0	0	0	0	0	0	0	0	0	0	0	0	0	0	0	0	0	0	0	0	0	0	0	0	0	0	0	0	0	0	0	0	0	0	0	0	0	0	0	0	0	0	0	0	0	0	1	1	1	0	0	0	0	0	6	0	4	0	0	10	1	1	0	5	3	0	5	2	3	4	2	12	6	3	7	4	4	5	8	10	7	15	9	18	13	18	7	13	6	16	0	22	14	33	10	27	34	15	9	5	9	3	9	11	25	29	11	15	6	22	27	16	7	4	11	6	5	8	3	9	0	0	0	0	0	0	0	0	0	0	0	0	0	0	0	0	0
古巴	Cuba	0	0	0	0	0	0	0	0	0	0	0	0	0	0	0	0	0	0	0	0	0	0	0	0	0	0	0	0	0	0	0	0	0	0	0	0	0	0	0	0	0	0	0	0	0	0	0	0	0	0	0	0	0	0	0	0	0	0	0	0	0	0	3	1	0	0	0	0	0	6	6	5	0	0	0	0	0	0	46	0	0	103	16	0	47	36	19	32	43	33	61	58	0	105	49	57	40	48	48	61	63	49	52	50	52	46	50	52	32	20	48	30	34	36	74	38	19	17	18	38	0	13	3	1	8	5	19	6	18	6	1	11	8	2	5	2	1	1	3
瓜德罗普	Guadeloupe	0	0	0	0	0	0	0	0	0	0	0	0	0	0	0	0	0	0	0	0	0	0	0	0	0	0	0	0	0	0	0	0	0	0	0	0	0	0	0	0	0	0	0	0	0	0	0	0	0	0	0	0	0	0	0	0	0	0	0	0	0	0	0	0	0	0	0	0	0	0	0	0	0	0	0	0	0	0	0	0	0	0	0	0	0	0	0	0	0	0	0	0	0	0	0	0	0	0	0	0	0	0	0	0	0	0	0	0	0	0	0	0	0	0	0	0	0	0	0	0	0	0	12	17	21	26	0	32	10	0	9	6	13	8	8	15	16	16	0
关岛	Guam	0	0	0	0	0	0	0	0	0	0	0	0	0	0	0	0	0	0	0	0	0	0	0	0	0	0	0	0	0	0	0	0	0	0	0	0	0	0	0	0	0	0	0	0	0	0	0	0	0	0	0	0	0	0	0	0	0	0	0	0	0	0	0	0	0	0	0	0	0	0	0	0	0	0	0	0	0	0	0	0	0	0	0	0	0	0	0	0	0	0	0	0	0	0	0	0	0	0	0	0	0	0	0	0	0	0	0	0	0	0	0	0	0	0	0	0	0	0	0	0	0	0	0	0	0	0	0	0	0	0	0	0	0	0	0	0	0	0	0
圭亚那	Guyana	0	0	0	0	0	0	0	0	0	0	0	0	0	0	0	0	0	0	0	0	0	0	0	0	0	0	0	0	0	0	0	0	0	0	0	0	0	0	0	0	0	0	0	0	0	0	0	0	0	0	0	0	0	0	0	0	0	0	0	0	0	0	1	0	0	0	3	0	0	0	1	0	0	0	0	0	0	0	0	0	0	3	0	0	0	15	0	0	8	2	4	0	0	8	0	2	1	7	2	0	6	2	1	1	0	3	3	1	0	0	1	3	4	0	0	0	10	1	0	0	1	3	0	0	0	0	0	0	0	0	0	0	0	0	0	0	0	0	0
哈萨克斯坦	Kazakhstan	0	0	0	0	0	0	0	0	0	0	0	0	0	0	0	0	0	0	0	0	0	0	0	0	0	0	0	0	0	0	0	0	0	0	0	0	0	0	0	0	0	0	0	0	0	0	0	0	0	0	0	0	0	0	0	0	0	0	0	0	0	0	0	3	3	2	0	19	8	9	5	4	1	6	6	13	9	47	56	80	31	23	44	33	51	72	44	60	56	24	55	38	57	52	68	223	88	72	136	117	61	99	192	80	204	125	188	129	142	184	86	251	218	226	77	151	151	165	186	264	152	130	7	5	4	0	0	3	1	0	7	1	0	2	0	0	8	2	2
海地	Haiti	0	0	0	0	0	0	0	0	0	0	0	0	0	0	0	0	0	0	0	0	0	0	0	0	0	0	0	0	0	0	0	0	0	0	0	0	0	0	0	0	0	0	0	0	0	0	0	0	0	0	0	0	0	0	0	0	0	0	0	0	0	0	0	0	0	0	0	0	0	0	2	0	0	0	0	0	0	0	6	0	0	7	0	0	0	3	3	0	3	1	5	0	0	3	0	7	0	1	2	1	0	3	10	1	4	10	0	0	2	2	0	0	5	4	0	3	12	1	7	21	17	5	84	119	138	154	118	161	307	283	311	218	265	363	322	403	209	438	335
韩国	South Korea	0	0	0	0	0	0	0	0	0	0	1	0	0	0	1	0	1	1	0	0	2	5	1	3	0	1	3	4	1	0	3	0	1	0	0	0	0	1	0	2	20	53	100	229	169	231	144	284	505	571	813	586	599	824	462	467	505	448	273	164	277	0	114	110	107	76	74	84	93	152	87	147	98	64	76	100	104	91	146	105	78	125	101	89	86	94	81	47	47	53	39	27	30	32	25	27	27	22	22	18	8	13	9	11	8	6	10	10	10	14	9	4	9	6	13	8	3	2	4	12	18	34	31	27	10	15	39	37	48	98	77	63	67	71	78	53	93	105	111
荷兰	Netherlands	0	0	0	0	0	0	0	0	0	0	0	0	0	0	0	0	0	0	0	0	0	0	0	0	0	0	0	0	0	0	0	0	0	0	0	0	0	0	0	0	0	0	0	0	0	0	0	0	0	2	2	6	0	14	0	58	0	46	60	0	194	0	121	301	0	331	278	292	346	409	534	637	573	545	811	852	1019	1172	1159	1161	891	848	952	1165	944	904	1326	964	786	975	1220	1347	1320	1181	964	870	734	1067	1237	1148	1068	754	729	709	895	806	657	655	401	172	386	514	476	446	335	199	317	233	455	319	289	245	35	27	26	29	27	19	13	15	13	32	12	20	23	25	16	19	40
赫德岛和麦克唐纳群岛	Heard Island and McDonald Islands	0	0	0	0	0	0	0	0	0	0	0	0	0	0	0	0	0	0	0	0	0	0	0	0	0	0	0	0	0	0	0	0	0	0	0	0	0	0	0	0	0	0	0	0	0	0	0	0	0	0	0	0	0	0	0	0	0	0	0	0	0	0	0	0	0	0	0	0	0	0	0	0	0	0	0	0	0	0	0	0	0	0	0	0	0	0	0	0	0	0	0	0	0	0	0	0	0	0	0	0	0	0	0	0	0	0	0	0	0	0	0	0	0	0	0	0	0	0	0	0	0	0	161	196	227	270	1	388	126	146	108	198	253	188	176	173	209	134	190
黑山	Montenegro	0	0	0	0	0	0	0	0	0	0	0	0	0	0	0	0	0	0	0	0	0	0	0	0	0	0	0	0	0	0	0	0	0	0	0	0	0	0	0	0	0	0	0	0	0	0	0	0	0	0	0	0	0	0	0	0	0	0	0	0	0	0	0	0	0	0	0	0	2	0	8	0	0	0	0	0	43	0	22	0	10	6	18	0	0	88	6	11	25	9	4	3	0	12	6	5	10	2	13	2	3	3	2	1	2	3	0	2	0	0	0	1	0	0	0	1	1	0	0	0	0	0	0	0	0	0	0	0	0	0	0	0	0	0	0	0	0	0	0
红宝石公主号	Ruby Princess	0	0	0	0	0	0	0	0	0	0	0	0	0	0	0	0	0	0	0	0	0	0	0	0	0	0	0	0	0	0	0	0	0	0	0	0	0	0	0	0	0	0	0	0	0	0	0	0	0	0	0	0	0	0	0	0	0	0	0	0	0	0	0	0	0	0	0	0	0	0	0	0	0	48	0	0	0	0	0	0	167	0	0	0	0	0	0	405	0	0	0	0	0	0	0	0	0	0	0	0	0	0	0	0	0	0	0	0	0	0	0	0	0	0	0	0	0	0	0	0	0	0	0	0	0	0	0	0	0	0	0	0	0	0	0	0	0	0	0
洪都拉斯	Honduras	0	0	0	0	0	0	0	0	0	0	0	0	0	0	0	0	0	0	0	0	0	0	0	0	0	0	0	0	0	0	0	0	0	0	0	0	0	0	0	0	0	0	0	0	0	0	0	0	0	0	0	0	0	0	0	0	0	0	0	0	0	0	2	0	0	0	0	0	0	0	22	0	0	0	0	0	28	16	0	0	0	73	0	0	81	42	4	37	0	7	31	39	0	11	4	10	12	7	16	15	15	5	17	16	9	43	29	36	34	41	36	33	33	95	111	45	123	92	191	224	86	59	0	0	0	0	0	0	0	0	0	0	0	0	0	0	0	0	0
基里巴斯	Kiribati	0	0	0	0	0	0	0	0	0	0	0	0	0	0	0	0	0	0	0	0	0	0	0	0	0	0	0	0	0	0	0	0	0	0	0	0	0	0	0	0	0	0	0	0	0	0	0	0	0	0	0	0	0	0	0	0	0	0	0	0	0	0	0	0	0	0	0	0	0	0	0	0	0	0	0	0	0	0	0	0	0	0	0	0	0	0	0	0	0	0	0	0	0	0	0	0	0	0	0	0	0	0	0	0	0	0	0	0	0	0	0	0	0	0	0	0	0	0	0	0	0	0	142	128	0	155	63	142	105	81	152	157	145	104	273	266	207	239	212
吉布提	Djibouti	0	0	0	0	0	0	0	0	0	0	0	0	0	0	0	0	0	0	0	0	0	0	0	0	0	0	0	0	0	0	0	0	0	0	0	0	0	0	0	0	0	0	0	0	0	0	0	0	0	0	0	0	0	0	0	0	0	0	0	0	0	0	0	0	0	0	0	0	0	0	0	0	0	0	0	0	0	0	0	0	0	0	0	0	0	50	9	31	0	45	5	10	0	65	83	65	72	156	0	141	0	114	0	128	12	13	0	9	15	49	0	17	8	15	0	4	0	4	4	9	2	54	0	0	0	0	0	0	0	0	0	0	0	0	0	0	0	0	0
吉尔吉斯斯坦	Kyrgyzstan	0	0	0	0	0	0	0	0	0	0	0	0	0	0	0	0	0	0	0	0	0	0	0	0	0	0	0	0	0	0	0	0	0	0	0	0	0	0	0	0	0	0	0	0	0	0	0	0	0	0	0	0	0	0	0	0	0	0	0	0	0	0	0	0	0	0	0	0	3	0	3	6	0	4	0	26	0	0	16	26	0	23	0	9	0	28	3	69	12	42	10	18	0	79	42	11	19	17	23	17	48	14	22	22	19	25	9	17	13	13	21	17	10	13	26	35	13	28	24	11	25	71	21	17	29	12	16	25	22	70	117	100	210	219	223	0	198	0	0
几内亚	Guinea	0	0	0	0	0	0	0	0	0	0	0	0	0	0	0	0	0	0	0	0	0	0	0	0	0	0	0	0	0	0	0	0	0	0	0	0	0	0	0	0	0	0	0	0	0	0	0	0	0	0	0	0	0	0	0	0	0	0	0	0	0	0	0	0	0	1	0	0	0	0	1	0	0	0	0	0	0	0	0	0	14	6	0	30	0	21	38	10	7	16	20	30	0	56	0	113	41	0	34	0	80	61	43	66	73	101	0	134	0	167	77	111	144	42	49	0	124	101	45	71	82	33	14	21	7	38	29	6	21	78	27	27	43	37	15	38	30	35	52
几内亚比绍	Guinea-Bissau	0	0	0	0	0	0	0	0	0	0	0	0	0	0	0	0	0	0	0	0	0	0	0	0	0	0	0	0	0	0	0	0	0	0	0	0	0	0	0	0	0	0	0	0	0	0	0	0	0	0	0	0	0	0	0	0	0	0	0	0	0	0	0	0	0	0	0	0	0	0	0	0	0	0	0	2	0	0	0	0	0	6	0	0	1	6	0	0	18	0	0	3	0	3	0	1	3	3	0	4	0	0	0	0	2	0	0	0	1	20	0	132	0	52	0	0	156	62	0	89	30	47	104	67	85	76	99	58	127	0	138	97	0	174	0	109	99	0	0
加拿大	Canada	0	0	0	0	0	0	0	0	0	0	0	0	0	0	0	0	1	0	0	1	1	0	1	0	0	0	1	0	0	0	2	0	0	0	0	0	1	0	0	0	0	0	0	1	0	1	1	0	0	3	2	1	7	3	3	4	14	5	7	17	0	16	14	42	49	55	60	123	159	132	146	273	184	220	541	801	517	634	738	875	665	1127	1143	1530	1163	1265	1473	1918	727	1230	1393	1475	1383	1170	1066	1296	1384	1315	2608	0	3399	1653	1894	1531	2186	1703	1173	967	1673	2450	1534	1715	1592	1886	1584	2614	1416	1258	1479	1507	1475	1248	85	35	59	16	77	0	56	21	48	0	51	20	5	0	0	64	0
加纳	Ghana	0	0	0	0	0	0	0	0	0	0	0	0	0	0	0	0	0	0	0	0	0	0	0	0	0	0	0	0	0	0	0	0	0	0	0	0	0	0	0	0	0	0	0	0	0	0	0	0	0	0	0	0	0	0	0	0	0	0	0	0	0	0	0	2	0	4	0	0	1	2	7	3	2	3	28	16	64	4	1	15	0	0	43	0	9	1	9	0	73	0	26	65	0	30	158	70	0	5	0	193	0	208	0	112	0	125	0	271	0	121	0	403	0	0	95	0	550	0	372	0	921	251	1167	1173	1155	1193	1170	1181	1294	1075	1079	1112	1052	1175	1197	1204	955	1016	971
加蓬	Gabon	0	0	0	0	0	0	0	0	0	0	0	0	0	0	0	0	0	0	0	0	0	0	0	0	0	0	0	0	0	0	0	0	0	0	0	0	0	0	0	0	0	0	0	0	0	0	0	0	0	0	0	0	0	0	0	0	0	0	0	0	0	0	0	1	0	0	0	0	2	0	0	0	2	0	0	0	0	2	0	0	0	9	2	0	0	3	0	3	6	3	1	10	0	5	8	18	5	7	8	13	1	0	11	36	10	1	5	4	0	35	27	38	0	32	27	0	32	30	42	65	116	41	437	427	0	281	122	108	97	0	183	178	173	217	131	66	125	156	153
布隆迪	Burundi	0	0	0	0	0	0	0	0	0	0	0	0	0	0	0	0	0	0	0	0	0	0	0	0	0	0	0	0	0	0	0	0	0	0	0	0	0	0	0	0	0	0	0	0	0	0	0	0	0	0	0	0	0	0	0	0	0	0	0	0	0	0	0	0	0	0	0	0	0	0	0	0	0	0	0	0	0	0	0	0	0	0	2	0	1	0	0	0	0	0	0	0	0	2	0	0	0	0	0	0	1	0	0	5	0	0	0	4	0	0	0	0	0	0	0	0	0	0	0	0	0	0	0	141	61	141	100	105	111	0	112	70	65	0	161	206	0	201	103
柬埔寨	Cambodia	0	0	0	0	0	0	0	0	0	0	0	0	0	0	0	0	0	0	1	0	0	0	0	0	0	0	0	0	0	0	0	0	0	0	0	0	0	0	0	0	0	0	0	0	0	0	0	0	0	0	0	0	0	0	0	0	0	0	1	0	0	1	2	0	0	2	5	12	11	0	12	0	6	31	0	0	12	2	0	0	5	4	0	0	0	7	0	0	1	2	2	0	0	3	0	0	0	0	0	0	0	0	0	0	0	0	0	0	0	0	0	0	0	0	0	0	0	0	0	0	0	0	0	0	0	0	0	0	0	0	0	0	0	1	1	0	0	0	0
捷克共和国	Czech Republic	0	0	0	0	0	0	0	0	0	0	0	0	0	0	0	0	0	0	0	0	0	0	0	0	0	0	0	0	0	0	0	0	0	0	0	0	0	0	0	0	0	0	0	0	0	0	0	0	0	0	0	0	3	1	1	3	4	6	3	17	2	21	30	5	45	48	64	91	0	228	202	59	214	118	124	208	157	408	360	275	181	124	328	274	265	325	281	116	237	205	302	254	146	170	86	68	92	152	134	116	104	130	127	127	95	52	85	79	56	78	18	77	108	51	15	26	60	58	80	55	44	17	28	54	46	52	76	55	51	23	124	79	38	36	63	71	66	47	48
津巴布韦	Zimbabwe	0	0	0	0	0	0	0	0	0	0	0	0	0	0	0	0	0	0	0	0	0	0	0	0	0	0	0	0	0	0	0	0	0	0	0	0	0	0	0	0	0	0	0	0	0	0	0	0	0	0	0	0	0	0	0	0	0	0	0	0	0	0	0	0	0	0	0	0	0	0	0	2	0	0	0	1	0	2	2	0	0	1	0	0	1	0	0	0	1	1	0	0	0	3	0	3	1	5	1	0	1	0	0	3	0	1	0	2	0	1	0	8	0	0	0	0	0	0	0	0	0	0	0	0	0	0	0	2	2	0	2	0	2	3	0	5	0	0	0
喀麦隆	Cameroon	0	0	0	0	0	0	0	0	0	0	0	0	0	0	0	0	0	0	0	0	0	0	0	0	0	0	0	0	0	0	0	0	0	0	0	0	0	0	0	0	0	0	0	0	0	0	0	0	0	0	0	0	0	0	0	0	1	1	0	0	0	0	0	0	1	0	2	5	0	3	8	6	0	29	0	10	9	13	6	19	29	51	40	61	12	203	46	103	0	27	45	73	17	0	28	0	0	0	148	21	0	0	146	0	0	267	88	103	0	84	101	26	0	245	0	0	27	161	2	0	0	312	0	110	111	154	0	151	0	0	424	0	204	555	112	0	490	154	392
卡塔尔	Qatar	0	0	0	0	0	0	0	0	0	0	0	0	0	0	0	0	0	0	0	0	0	0	0	0	0	0	0	0	0	0	0	0	0	0	0	0	0	0	0	0	0	0	0	0	0	0	0	0	0	0	1	0	0	0	6	0	4	0	0	7	0	6	238	0	76	0	63	38	0	13	0	18	11	13	7	25	11	12	13	28	44	59	88	54	114	126	250	279	228	378	166	136	216	251	252	197	283	392	560	345	440	567	518	608	623	761	833	929	957	677	643	845	687	776	679	640	951	830	918	1311	1130	1189	1103	1526	1390	1733	1153	1547	1632	1365	1637	1491	1554	0	3562	1501	1751	1742	1740
开曼群岛	Cayman Islands	0	0	0	0	0	0	0	0	0	0	0	0	0	0	0	0	0	0	0	0	0	0	0	0	0	0	0	0	0	0	0	0	0	0	0	0	0	0	0	0	0	0	0	0	0	0	0	0	0	0	0	0	0	0	0	0	0	0	0	0	0	0	0	0	0	0	0	0	0	0	0	0	0	0	0	0	0	0	0	0	0	0	0	0	0	0	0	0	0	0	0	0	0	0	0	0	0	0	0	0	0	0	0	0	0	0	0	0	0	0	0	0	0	0	0	0	0	0	0	0	0	0	0	0	0	0	0	0	0	0	0	0	0	0	0	0	0	0	0
科科斯群岛	Cocos Islands	0	0	0	0	0	0	0	0	0	0	0	0	0	0	0	0	0	0	0	0	0	0	0	0	0	0	0	0	0	0	0	0	0	0	0	0	0	0	0	0	0	0	0	0	0	0	0	0	0	0	0	0	0	0	0	0	0	0	0	0	0	0	0	0	0	0	0	0	0	0	0	0	0	0	0	0	0	0	0	0	0	0	0	0	0	0	0	0	0	0	0	0	0	0	0	0	0	0	0	0	0	0	0	0	0	0	0	0	0	0	0	0	0	0	0	0	0	0	0	0	0	0	0	0	0	0	0	0	0	0	0	0	0	0	0	0	0	0	0
科摩罗	Comoros	0	0	0	0	0	0	0	0	0	0	0	0	0	0	0	0	0	0	0	0	0	0	0	0	0	0	0	0	0	0	0	0	0	0	0	0	0	0	0	0	0	0	0	0	0	0	0	0	0	0	0	0	0	0	0	0	0	0	0	0	0	0	0	0	0	0	0	0	0	0	0	0	0	0	0	0	0	0	0	0	0	0	0	0	0	0	0	0	0	0	0	0	0	0	0	0	0	0	0	0	0	0	0	0	0	0	0	0	0	0	0	1	0	0	2	0	0	0	0	0	0	0	0	0	8	0	0	0	0	0	0	0	0	0	0	0	0	0	0
科索沃	Kosovo	0	0	0	0	0	0	0	0	0	0	0	0	0	0	0	0	0	0	0	0	0	0	0	0	0	0	0	0	0	0	0	0	0	0	0	0	0	0	0	0	0	0	0	0	0	0	0	0	0	0	0	0	0	0	0	0	0	0	0	0	0	0	0	0	0	0	0	0	0	0	0	0	0	0	0	0	0	0	0	0	0	0	0	0	0	0	0	0	0	0	0	0	0	0	0	0	0	0	0	0	0	0	0	0	0	0	0	0	0	0	0	0	0	0	0	0	0	0	0	0	0	0	0	0	0	0	0	0	0	0	0	0	0	0	0	0	0	0	0
科特迪瓦	Côte d'Ivoire	0	0	0	0	0	0	0	0	0	0	0	0	0	0	0	0	0	0	0	0	0	0	0	0	0	0	0	0	0	0	0	0	0	0	0	0	0	0	0	0	0	0	0	0	0	0	0	0	0	0	0	0	0	0	0	0	0	0	0	0	0	0	1	0	0	3	0	2	0	0	0	8	0	0	0	59	0	23	5	0	64	3	11	11	4	24	27	16	62	26	35	60	0	109	21	52	12	16	34	54	59	46	32	37	36	52	73	34	39	33	0	55	37	58	29	36	34	32	52	55	31	65	33	30	127	55	59	46	44	48	10	34	78	70	40	25	10	47	54
科威特	Kuwait	0	0	0	0	0	0	0	0	0	0	0	0	0	0	0	0	0	0	0	0	0	0	0	0	0	0	0	0	0	0	0	0	0	0	0	0	0	0	0	0	0	0	0	0	0	3	5	17	18	2	0	1	10	0	0	2	0	0	0	0	11	0	0	11	20	0	23	7	12	6	11	17	0	13	2	4	13	17	10	20	11	23	28	25	75	62	77	109	78	112	55	83	161	80	66	55	50	119	134	93	164	80	85	168	151	215	278	183	213	152	300	284	353	242	364	295	526	485	278	641	415	1065	598	991	751	947	885	942	1048	841	1073	804	1041	955	900	838	665	608	692
克利珀顿岛	Clipperton Island	0	0	0	0	0	0	0	0	0	0	0	0	0	0	0	0	0	0	0	0	0	0	0	0	0	0	0	0	0	0	0	0	0	0	0	0	0	0	0	0	0	0	0	0	0	0	0	0	0	0	0	0	0	0	0	0	0	0	0	0	0	0	0	0	0	0	0	0	0	0	0	0	0	0	0	0	0	0	0	0	0	0	0	0	0	0	0	0	0	0	0	0	0	0	0	0	0	0	0	0	0	0	0	0	0	0	0	0	0	0	0	0	0	0	0	0	0	0	0	0	0	0	0	0	0	0	0	0	0	0	0	0	0	0	0	0	0	0	0
克罗地亚	Croatia	0	0	0	0	0	0	0	0	0	0	0	0	0	0	0	0	0	0	0	0	0	0	0	0	0	0	0	0	0	0	0	0	0	0	0	0	0	0	0	0	0	0	0	0	0	0	1	0	2	0	0	4	1	1	0	1	0	2	0	1	0	2	4	12	6	9	0	11	0	45	0	0	0	0	213	0	127	0	144	0	127	154	96	48	0	115	56	0	100	61	64	88	39	66	60	44	37	50	23	18	39	10	27	42	31	28	7	14	9	8	15	14	9	3	8	5	11	7	6	36	15	11	9	11	6	8	0	3	2	0	6	2	3	6	0	1	0	0	0
肯尼亚	Kenya	0	0	0	0	0	0	0	0	0	0	0	0	0	0	0	0	0	0	0	0	0	0	0	0	0	0	0	0	0	0	0	0	0	0	0	0	0	0	0	0	0	0	0	0	0	0	0	0	0	0	0	0	0	0	0	0	0	0	0	0	0	0	0	1	0	2	0	1	0	0	0	0	0	11	0	13	3	0	7	4	8	9	22	29	12	4	16	16	14	0	12	5	0	8	11	8	9	9	12	16	8	11	15	7	17	16	7	0	20	11	10	12	15	24	30	0	70	47	25	14	28	23	28	15	22	21	0	72	57	0	76	66	80	52	31	22	72	62	123
库克群岛	Cook Islands	0	0	0	0	0	0	0	0	0	0	0	0	0	0	0	0	0	0	0	0	0	0	0	0	0	0	0	0	0	0	0	0	0	0	0	0	0	0	0	0	0	0	0	0	0	0	0	0	0	0	0	0	0	0	0	0	0	0	0	0	0	0	0	0	0	0	0	0	0	0	0	0	0	0	0	0	0	0	0	0	0	0	0	0	0	0	0	0	0	0	0	0	0	0	0	0	0	0	0	0	0	0	0	0	0	0	0	0	0	0	0	0	0	0	0	0	0	0	0	0	0	0	0	0	0	0	0	0	0	0	0	0	0	0	0	0	0	0	0
库拉索	Curaçao	0	0	0	0	0	0	0	0	0	0	0	0	0	0	0	0	0	0	0	0	0	0	0	0	0	0	0	0	0	0	0	0	0	0	0	0	0	0	0	0	0	0	0	0	0	0	0	0	0	0	0	0	0	0	0	0	0	0	0	0	0	0	0	0	0	0	0	0	0	0	0	0	0	0	0	0	0	0	0	0	0	0	0	0	0	0	0	0	0	0	0	0	0	0	0	0	0	0	0	0	0	0	0	0	0	0	0	0	0	0	0	0	0	0	0	0	0	0	0	0	0	0	0	0	0	0	0	0	0	0	0	0	0	0	0	0	0	0	0
拉托维亚	Latvia	0	0	0	0	0	0	0	0	0	0	0	0	0	0	0	0	0	0	0	0	0	0	0	0	0	0	0	0	0	0	0	0	0	0	0	0	0	0	0	0	0	0	0	0	0	0	0	0	0	0	0	0	0	1	0	0	0	0	0	5	2	0	2	6	2	12	0	4	15	0	37	25	13	15	0	58	24	23	36	25	42	29	0	70	47	16	24	9	6	29	12	23	0	39	4	2	9	9	7	30	15	12	9	13	17	6	0	28	6	18	13	9	12	1	8	17	0	4	9	19	2	9	7	4	1	11	0	35	11	1	3	4	9	5	16	1	2	4	4
莱索托	Lesotho	0	0	0	0	0	0	0	0	0	0	0	0	0	0	0	0	0	0	0	0	0	0	0	0	0	0	0	0	0	0	0	0	0	0	0	0	0	0	0	0	0	0	0	0	0	0	0	0	0	0	0	0	0	0	0	0	0	0	0	0	0	0	0	0	0	0	0	0	0	0	0	0	0	0	0	0	0	0	0	0	0	0	0	0	0	0	0	0	0	0	0	0	0	0	0	0	0	0	0	0	0	0	0	0	0	0	0	0	0	0	0	0	0	0	0	0	0	0	0	0	0	0	0	0	1	0	0	0	0	0	0	0	0	0	0	0	0	0	0
老挝	Laos	0	0	0	0	0	0	0	0	0	0	0	0	0	0	0	0	0	0	0	0	0	0	0	0	0	0	0	0	0	0	0	0	0	0	0	0	0	0	0	0	0	0	0	0	0	0	0	0	0	0	0	0	0	0	0	0	0	0	0	0	0	0	0	0	0	0	0	0	0	0	0	0	0	0	2	1	3	0	0	0	2	0	2	0	0	0	1	1	2	1	1	0	0	3	0	0	0	0	0	0	0	0	0	0	0	0	0	0	0	0	0	0	0	0	0	0	0	0	0	0	0	0	0	0	0	0	0	0	0	0	0	0	0	0	0	0	0	0	0
黎巴嫩	Lebanon	0	0	0	0	0	0	0	0	0	0	0	0	0	0	0	0	0	0	0	0	0	0	0	0	0	0	0	0	0	0	0	0	0	0	0	0	0	0	0	0	0	0	1	0	0	0	0	0	2	0	0	0	0	0	0	12	0	0	13	4	0	20	0	25	16	6	1	0	0	49	14	43	39	11	11	66	35	23	21	26	8	17	16	15	14	12	7	0	21	27	7	27	0	21	2	9	17	5	5	4	1	4	0	5	6	8	0	11	3	7	4	4	4	4	4	3	1	9	34	12	13	36	14	11	8	8	0	16	26	0	26	7	63	62	11	17	5	21	21
里海	Caspian Sea	0	0	0	0	0	0	0	0	0	0	0	0	0	0	0	0	0	0	0	0	0	0	0	0	0	0	0	0	0	0	0	0	0	0	0	0	0	0	0	0	0	0	0	0	0	0	0	0	0	0	0	0	0	0	0	0	0	0	0	0	0	0	0	0	0	0	0	0	0	0	0	0	0	0	0	0	0	0	0	0	0	0	0	0	0	0	0	0	0	0	0	0	0	0	0	0	0	0	0	0	0	0	0	0	0	0	0	0	0	0	0	0	0	0	0	0	0	0	0	0	0	0	0	0	0	0	0	0	0	0	0	0	0	0	0	0	0	0	0
立陶宛	Lithuania	0	0	0	0	0	0	0	0	0	0	0	0	0	0	0	0	0	0	0	0	0	0	0	0	0	0	0	0	0	0	0	0	0	0	0	0	0	0	0	0	0	0	0	0	0	0	0	0	0	1	0	0	0	0	0	0	0	0	0	0	0	2	0	0	3	2	4	5	5	11	0	30	38	59	0	49	46	35	68	24	85	24	42	116	47	75	40	32	37	32	43	44	27	27	9	8	21	37	21	90	59	28	24	20	28	12	16	12	11	0	0	0	0	0	0	0	0	0	0	0	0	30	6	6	14	6	0	23	7	6	15	15	17	10	12	7	12	4	8
利比里亚	Liberia	0	0	0	0	0	0	0	0	0	0	0	0	0	0	0	0	0	0	0	0	0	0	0	0	0	0	0	0	0	0	0	0	0	0	0	0	0	0	0	0	0	0	0	0	0	0	0	0	0	0	0	0	0	0	0	0	0	0	0	0	0	0	0	0	0	0	1	0	0	0	0	2	0	0	0	0	0	0	0	0	0	0	3	0	0	4	3	1	0	0	17	0	0	19	1	8	0	0	17	0	0	15	10	0	0	16	3	0	4	9	8	0	0	11	2	12	0	12	0	11	10	0	0	12	1	1	2	4	7	0	7	0	7	0	15	0	10	0	1
利比亚	Libya	0	0	0	0	0	0	0	0	0	0	0	0	0	0	0	0	0	0	0	0	0	0	0	0	0	0	0	0	0	0	0	0	0	0	0	0	0	0	0	0	0	0	0	0	0	0	0	0	0	0	0	0	0	0	0	0	0	0	0	0	0	0	0	0	0	0	0	1	0	0	0	0	0	0	0	0	0	0	0	0	0	7	0	2	1	6	1	0	1	2	0	3	0	1	0	1	9	13	1	0	0	2	0	8	1	0	1	0	0	0	0	0	0	2	0	0	0	1	0	0	0	0	0	0	0	0	0	0	1	0	0	3	1	2	1	3	0	0	2
列支敦士登	Liechtenstein	0	0	0	0	0	0	0	0	0	0	0	0	0	0	0	0	0	0	0	0	0	0	0	0	0	0	0	0	0	0	0	0	0	0	0	0	0	0	0	0	0	0	0	0	0	0	0	0	0	0	0	0	0	0	0	0	0	0	1	0	0	0	0	0	0	0	0	0	0	0	0	0	0	0	50	0	0	0	5	0	0	8	0	0	0	0	0	0	0	0	0	0	0	15	0	0	0	0	0	0	0	0	0	0	0	0	0	0	0	0	0	0	3	0	0	0	0	0	0	0	0	0	0	0	0	0	0	0	0	0	0	0	0	0	0	0	0	0	0
留尼汪	Reunion	0	0	0	0	0	0	0	0	0	0	0	0	0	0	0	0	0	0	0	0	0	0	0	0	0	0	0	0	0	0	0	0	0	0	0	0	0	0	0	0	0	0	0	0	0	0	0	0	0	0	0	0	0	0	0	0	0	0	0	0	0	0	0	0	0	0	0	0	0	0	0	0	0	0	0	0	0	0	0	0	0	0	0	0	0	0	0	0	0	0	0	0	0	0	0	0	0	0	0	0	0	0	0	0	0	0	0	0	0	0	0	0	0	0	0	0	0	0	0	0	0	0	0	0	0	0	0	0	0	0	0	0	0	0	0	0	0	0	0
卢森堡	Luxembourg	0	0	0	0	0	0	0	0	0	0	0	0	0	0	0	0	0	0	0	0	0	0	0	0	0	0	0	0	0	0	0	0	0	0	0	0	0	0	0	0	0	0	0	0	0	0	0	0	0	0	0	1	0	0	0	0	0	2	0	2	0	0	2	0	0	52	22	0	122	132	149	186	128	77	0	224	234	120	152	226	157	0	190	141	168	125	117	75	39	127	64	81	108	47	11	11	15	66	71	36	57	13	8	60	36	11	30	16	12	6	12	28	15	18	10	12	4	12	11	8	12	6	9	2	6	10	11	8	7	15	2	11	13	9	1	9	2	1	2
卢旺达	Rwanda	0	0	0	0	0	0	0	0	0	0	0	0	0	0	0	0	0	0	0	0	0	0	0	0	0	0	0	0	0	0	0	0	0	0	0	0	0	0	0	0	0	0	0	0	0	0	0	0	0	0	0	0	0	0	0	0	0	0	0	0	0	0	0	0	0	1	4	2	0	4	0	6	0	0	19	4	1	9	4	6	10	0	5	7	2	5	13	2	1	0	5	3	0	7	6	1	7	2	2	5	1	3	0	3	3	1	22	7	8	16	5	13	18	6	6	4	2	0	7	3	2	7	4	1	1	1	0	0	2	3	5	11	6	6	1	4	2	9	3
罗马尼亚	Romania	0	0	0	0	0	0	0	0	0	0	0	0	0	0	0	0	0	0	0	0	0	0	0	0	0	0	0	0	0	0	0	0	0	0	0	0	0	0	0	0	0	0	0	0	0	0	0	0	1	2	0	0	0	0	1	2	0	3	4	4	0	11	21	21	27	26	0	35	0	0	119	31	0	0	268	186	145	0	545	308	192	293	215	278	445	430	251	193	360	344	441	265	523	310	333	246	337	491	360	351	328	190	306	468	386	321	218	401	303	277	362	262	327	165	431	349	325	270	392	312	320	231	226	190	224	245	190	267	167	165	155	196	198	127	145	213	213	146	165
马达加斯加	Madagascar	0	0	0	0	0	0	0	0	0	0	0	0	0	0	0	0	0	0	0	0	0	0	0	0	0	0	0	0	0	0	0	0	0	0	0	0	0	0	0	0	0	0	0	0	0	0	0	0	0	0	0	0	0	0	0	0	0	0	0	0	0	0	0	0	0	0	0	0	0	0	0	3	0	9	0	7	0	5	4	15	0	3	11	0	2	11	2	0	10	11	0	0	0	13	0	2	0	3	6	3	0	1	0	0	0	1	1	0	1	4	0	0	4	3	14	0	0	9	0	35	0	0	0	0	0	19	18	8	66	18	4	45	34	43	40	39	15	44	26
马恩岛	Isle of Man	0	0	0	0	0	0	0	0	0	0	0	0	0	0	0	0	0	0	0	0	0	0	0	0	0	0	0	0	0	0	0	0	0	0	0	0	0	0	0	0	0	0	0	0	0	0	0	0	0	0	0	0	0	0	0	0	0	0	0	0	0	0	0	0	0	0	0	0	0	0	0	0	0	0	0	0	0	0	0	0	0	0	0	0	0	0	0	0	0	0	0	0	0	0	0	0	0	0	0	0	0	0	0	0	0	0	0	0	0	0	0	0	0	0	0	0	0	0	0	0	0	0	0	0	0	0	0	0	0	0	0	0	0	0	0	0	0	0	0
马尔代夫	Maldives	0	0	0	0	0	0	0	0	0	0	0	0	0	0	0	0	0	0	0	0	0	0	0	0	0	0	0	0	0	0	0	0	0	0	0	0	0	0	0	0	0	0	0	0	0	0	0	0	0	0	0	0	0	0	0	0	0	0	2	4	0	0	0	3	1	3	0	0	0	0	0	0	0	0	0	0	0	0	0	0	4	1	0	0	0	1	0	0	0	0	0	0	0	1	0	0	1	2	5	6	17	16	16	3	8	22	21	40	49	24	6	140	79	16	28	8	30	17	68	92	32	69	27	35	7	51	27	96	0	16	49	43	30	0	97	0	58	24	62
马耳他	Malta	0	0	0	0	0	0	0	0	0	0	0	0	0	0	0	0	0	0	0	0	0	0	0	0	0	0	0	0	0	0	0	0	0	0	0	0	0	0	0	0	0	0	0	0	0	0	0	0	0	0	0	0	0	0	0	0	0	0	1	0	0	4	1	0	0	12	0	0	0	20	0	0	0	0	0	0	0	0	96	0	0	22	32	8	6	11	14	14	52	6	38	13	0	28	6	9	6	13	10	4	1	4	12	1	1	2	1	0	2	8	5	2	2	1	9	3	2	2	2	3	1	6	7	3	2	14	0	24	7	5	11	15	15	1	9	1	1	0	1
马拉维	Malawi	0	0	0	0	0	0	0	0	0	0	0	0	0	0	0	0	0	0	0	0	0	0	0	0	0	0	0	0	0	0	0	0	0	0	0	0	0	0	0	0	0	0	0	0	0	0	0	0	0	0	0	0	0	0	0	0	0	0	0	0	0	0	0	0	0	0	0	0	0	0	0	0	0	0	0	0	0	0	0	0	0	0	0	0	0	4	0	1	0	3	0	0	0	4	1	3	0	0	0	1	0	0	1	5	10	0	0	1	2	0	0	0	1	0	2	2	0	2	0	0	13	0	0	1	6	0	0	0	2	5	0	1	0	1	10	0	19	0	0
马来西亚	Malaysia	0	0	0	0	0	0	0	0	0	0	0	0	0	0	0	3	1	0	0	3	1	0	0	0	0	2	2	2	1	1	1	1	0	0	1	0	2	1	0	0	0	0	0	0	0	0	0	0	1	0	0	6	0	7	14	5	28	0	10	24	12	0	29	0	80	190	125	120	117	110	130	153	123	212	106	172	235	130	159	150	156	140	142	208	217	150	179	131	170	156	109	118	184	153	134	170	85	110	69	54	84	36	57	50	71	88	51	38	40	31	94	57	69	105	122	55	30	45	39	68	54	67	70	16	37	40	36	17	22	47	37	31	50	78	48	60	172	187	15
马里	Mali	0	0	0	0	0	0	0	0	0	0	0	0	0	0	0	0	0	0	0	0	0	0	0	0	0	0	0	0	0	0	0	0	0	0	0	0	0	0	0	0	0	0	0	0	0	0	0	0	0	0	0	0	0	0	0	0	0	0	0	0	0	0	0	0	0	0	0	0	0	0	0	0	0	0	0	2	0	2	14	0	7	3	3	0	8	2	0	6	0	12	0	28	0	29	7	0	25	0	23	87	0	0	0	230	0	0	0	0	0	0	0	0	2	18	36	19	49	0	19	19	18	24	12	8	18	28	21	27	54	0	14	27	30	16	22	61	29	18	0
马其顿	Macedonia	0	0	0	0	0	0	0	0	0	0	0	0	0	0	0	0	0	0	0	0	0	0	0	0	0	0	0	0	0	0	0	0	0	0	0	0	0	0	0	0	0	0	0	0	0	0	0	0	1	0	0	0	0	0	0	0	0	0	2	0	4	0	2	0	4	0	5	0	13	4	32	0	47	0	22	0	0	0	83	0	40	26	44	0	55	99	72	0	44	0	18	46	108	0	83	54	66	0	143	53	37	17	7	28	41	26	41	19	13	22	0	44	29	12	5	7	8	13	33	14	36	20	22	0	30	29	0	39	30	0	47	19	40	23	20	37	21	15	25
马绍尔群岛	Marshall Islands	0	0	0	0	0	0	0	0	0	0	0	0	0	0	0	0	0	0	0	0	0	0	0	0	0	0	0	0	0	0	0	0	0	0	0	0	0	0	0	0	0	0	0	0	0	0	0	0	0	0	0	0	0	0	0	0	0	0	0	0	0	0	0	0	0	0	0	0	0	0	0	0	0	0	0	0	0	0	0	0	0	0	0	0	0	0	0	0	0	0	0	0	0	0	0	0	0	0	0	0	0	0	0	0	0	0	0	0	0	0	0	0	0	0	0	0	0	0	0	0	0	0	0	0	0	0	0	0	0	0	0	0	0	0	0	0	0	0	0
马提尼克岛	Martinique	0	0	0	0	0	0	0	0	0	0	0	0	0	0	0	0	0	0	0	0	0	0	0	0	0	0	0	0	0	0	0	0	0	0	0	0	0	0	0	0	0	0	0	0	0	0	0	0	0	0	0	0	0	0	0	0	0	0	0	0	0	0	0	0	0	0	0	0	0	0	0	0	0	0	0	0	0	0	44	22	0	0	0	0	0	0	0	0	0	0	0	0	0	0	0	0	0	0	0	0	0	0	0	0	0	0	0	0	0	0	0	0	0	0	0	0	0	0	0	0	0	0	0	0	0	0	0	0	0	0	0	0	0	0	0	0	0	0	0
马约特	Mayotte	0	0	0	0	0	0	0	0	0	0	0	0	0	0	0	0	0	0	0	0	0	0	0	0	0	0	0	0	0	0	0	0	0	0	0	0	0	0	0	0	0	0	0	0	0	0	0	0	0	0	0	0	0	0	0	0	0	0	0	0	0	0	0	0	0	0	0	0	0	0	0	0	0	0	0	0	0	0	0	0	0	0	0	0	0	0	0	0	0	0	0	0	0	0	0	0	0	0	0	0	0	0	0	0	0	0	0	0	0	0	0	0	0	0	0	0	0	0	0	0	0	0	0	0	0	0	0	0	0	0	0	0	0	0	0	0	0	0	0
毛里求斯	Mauritius	0	0	0	0	0	0	0	0	0	0	0	0	0	0	0	0	0	0	0	0	0	0	0	0	0	0	0	0	0	0	0	0	0	0	0	0	0	0	0	0	0	0	0	0	0	0	0	0	0	0	0	0	0	0	0	0	0	0	0	0	0	0	0	0	0	0	0	0	0	3	4	7	10	0	12	12	4	42	8	0	0	41	4	14	8	27	31	0	41	5	41	0	0	10	0	0	0	0	0	1	3	0	0	0	1	2	0	0	3	0	0	0	0	0	0	0	0	0	0	0	0	0	0	0	0	0	0	0	0	0	0	0	0	0	0	0	0	0	0
毛里塔尼亚	Mauritania	0	0	0	0	0	0	0	0	0	0	0	0	0	0	0	0	0	0	0	0	0	0	0	0	0	0	0	0	0	0	0	0	0	0	0	0	0	0	0	0	0	0	0	0	0	0	0	0	0	0	0	0	0	0	0	0	0	0	0	0	0	0	0	0	0	1	0	0	0	0	1	0	0	0	0	0	1	0	2	0	0	1	0	0	0	0	0	0	0	0	1	0	0	0	0	0	0	0	0	0	0	0	0	0	0	0	0	0	0	0	1	0	0	0	0	0	0	0	0	0	0	0	0	0	1	7	4	9	11	22	19	50	10	32	27	27	10	25	6
美国	United States	0	0	0	0	0	0	0	0	0	0	0	0	1	0	1	0	1	2	0	0	0	1	0	2	1	2	0	1	0	0	0	0	1	0	1	1	0	0	0	0	0	0	0	19	0	0	19	0	1	6	2	0	15	19	26	38	76	88	121	127	277	155	0	631	449	801	889	887	1891	3707	3991	5374	7123	14214	5489	8591	14156	16643	18999	19924	19073	20949	25015	26968	28805	33927	32749	25722	30562	31446	32575	33842	35305	28502	28323	29226	21944	30037	32513	38026	25094	25204	28350	37264	22908	37617	19842	54345	29125	22126	23618	29974	33536	34784	28324	29471	22169	25825	23857	30202	30445	25253	20338	18340	22845	22247	26309	27381	22379	18735	24125	19810	24819	26419	24931	20210	21088	19812	19561
美国维尔京群岛	Virgin Islands, U.S.	0	0	0	0	0	0	0	0	0	0	0	0	0	0	0	0	0	0	0	0	0	0	0	0	0	0	0	0	0	0	0	0	0	0	0	0	0	0	0	0	0	0	0	0	0	0	0	0	0	0	0	0	0	0	0	0	0	0	0	0	0	0	0	0	0	0	0	0	0	0	0	0	0	0	0	0	0	0	0	0	0	0	0	0	0	0	0	0	0	0	0	0	0	0	0	0	0	0	0	0	0	0	0	0	0	0	0	0	0	0	0	0	0	0	0	0	0	0	0	0	0	0	0	0	0	0	0	0	0	0	0	0	0	0	0	0	0	0	0
美国小离岛	United States Minor Outlying Islands	0	0	0	0	0	0	0	0	0	0	0	0	0	0	0	0	0	0	0	0	0	0	0	0	0	0	0	0	0	0	0	0	0	0	0	0	0	0	0	0	0	0	0	0	0	0	0	0	0	0	0	0	0	0	0	0	0	0	0	0	0	0	0	0	0	0	0	0	0	0	0	0	0	0	0	0	0	0	0	0	0	0	0	0	0	0	0	0	0	0	0	0	0	0	0	0	0	0	0	0	0	0	0	0	0	0	0	0	0	0	0	0	0	0	0	0	0	0	0	0	0	0	0	0	0	0	0	0	0	0	0	0	0	0	0	0	0	0	0
美属萨摩亚	American Samoa	0	0	0	0	0	0	0	0	0	0	0	0	0	0	0	0	0	0	0	0	0	0	0	0	0	0	0	0	0	0	0	0	0	0	0	0	0	0	0	0	0	0	0	0	0	0	0	0	0	0	0	0	0	0	0	0	0	0	0	0	0	0	0	0	0	0	0	0	0	0	0	0	0	0	0	0	0	0	0	0	0	0	0	0	0	0	0	0	0	0	0	0	0	0	0	0	0	0	0	0	0	0	0	0	0	0	0	0	0	0	0	0	0	0	0	0	0	0	0	0	0	0	0	0	0	0	0	0	0	0	0	0	0	0	0	0	0	0	0
蒙古	Mongolia	0	0	0	0	0	0	0	0	0	0	0	0	0	0	0	0	0	0	0	0	0	0	0	0	0	0	0	0	0	0	0	0	0	0	0	0	0	0	0	0	0	0	0	0	0	0	0	0	0	0	0	0	0	0	0	0	0	0	0	0	1	0	0	0	0	0	0	3	2	0	0	4	0	0	0	0	1	0	1	0	0	0	2	0	0	0	0	1	0	1	0	0	0	0	1	13	0	1	0	0	1	1	1	1	0	1	1	1	0	0	0	0	0	1	0	1	1	0	0	1	0	0	0	0	0	56	0	37	0	5	0	0	0	0	0	0	0	0	0
蒙特塞拉特	Montserrat	0	0	0	0	0	0	0	0	0	0	0	0	0	0	0	0	0	0	0	0	0	0	0	0	0	0	0	0	0	0	0	0	0	0	0	0	0	0	0	0	0	0	0	0	0	0	0	0	0	0	0	0	0	0	0	0	0	0	0	0	0	0	0	0	0	0	0	0	0	0	0	0	0	0	0	0	0	0	2	0	0	0	0	0	0	0	0	0	0	0	0	0	0	0	0	0	0	0	0	0	0	0	0	0	0	0	0	9	0	0	0	0	0	0	0	0	0	0	0	0	0	0	0	0	0	0	0	0	0	0	0	0	0	0	0	0	0	0	0
孟加拉国	Bangladesh	0	0	0	0	0	0	0	0	0	0	0	0	0	0	0	0	0	0	0	0	0	0	0	0	0	0	0	0	0	0	0	0	0	0	0	0	0	0	0	0	0	0	0	0	0	0	0	0	0	0	0	0	0	0	0	0	0	0	0	0	3	0	0	0	0	2	3	0	8	0	0	8	3	6	0	0	11	4	0	0	1	2	3	2	0	14	18	29	47	54	112	94	0	197	182	209	219	341	266	306	312	492	434	390	414	503	309	418	497	549	641	564	571	552	665	688	786	790	706	709	636	887	1034	969	1162	1041	1202	930	1273	1602	1251	1617	1773	1694	1873	1532	1975	1166	1541
秘鲁	Peru	0	0	0	0	0	0	0	0	0	0	0	0	0	0	0	0	0	0	0	0	0	0	0	0	0	0	0	0	0	0	0	0	0	0	0	0	0	0	0	0	0	0	0	0	0	0	0	0	0	0	0	0	0	0	0	0	1	0	5	0	0	0	0	16	6	0	43	0	46	28	89	29	55	45	32	0	85	100	55	36	181	98	115	258	91	181	151	535	280	393	1388	914	641	951	671	2265	519	1172	1016	1208	721	1208	697	1512	1413	1664	734	3683	2186	1182	2491	2741	3045	3483	2075	3394	1444	3817	3628	3709	3321	3168	2292	1515	3237	4247	4298	3891	4046	3732	2660	4550	4537	4749	2929	4056	4205	4020	5772
密克罗尼西亚	Micronesia	0	0	0	0	0	0	0	0	0	0	0	0	0	0	0	0	0	0	0	0	0	0	0	0	0	0	0	0	0	0	0	0	0	0	0	0	0	0	0	0	0	0	0	0	0	0	0	0	0	0	0	0	0	0	0	0	0	0	0	0	0	0	0	0	0	0	0	0	0	0	0	0	0	0	0	0	0	0	0	0	0	0	0	0	0	0	0	0	0	0	0	0	0	0	0	0	0	0	0	0	0	0	0	0	0	0	0	0	0	0	0	0	0	0	0	0	0	0	0	0	0	0	0	0	0	0	0	0	0	0	0	0	0	0	0	0	0	0	0
缅甸	Myanmar	0	0	0	0	0	0	0	0	0	0	0	0	0	0	0	0	0	0	0	0	0	0	0	0	0	0	0	0	0	0	0	0	0	0	0	0	0	0	0	0	0	0	0	0	0	0	0	0	0	0	0	0	0	0	0	0	0	0	0	0	0	0	0	0	0	0	0	0	0	0	0	0	0	0	2	1	0	2	3	0	6	1	1	4	0	1	0	1	0	0	1	4	0	12	2	21	12	11	0	22	0	4	8	2	6	12	5	2	0	3	1	0	1	0	0	10	0	0	15	0	2	2	0	0	0	1	0	9	0	0	1	2	6	0	2	0	0	5	0
摩尔多瓦	Moldova	0	0	0	0	0	0	0	0	0	0	0	0	0	0	0	0	0	0	0	0	0	0	0	0	0	0	0	0	0	0	0	0	0	0	0	0	0	0	0	0	0	0	0	0	0	0	0	0	0	0	0	0	0	0	0	0	0	0	0	1	0	0	2	3	2	4	11	0	7	6	13	17	14	29	0	16	24	28	22	32	0	67	55	70	82	247	0	112	101	91	118	115	149	122	102	185	87	115	105	224	0	94	142	0	312	0	184	194	177	157	0	259	0	83	72	69	127	115	113	129	123	139	60	68	159	252	147	192	315	0	78	415	0	151	143	147	153	0	158
摩洛哥	Morocco	0	0	0	0	0	0	0	0	0	0	0	0	0	0	0	0	0	0	0	0	0	0	0	0	0	0	0	0	0	0	0	0	0	0	0	0	0	0	0	0	0	0	0	0	0	0	0	0	0	0	0	0	0	1	0	1	0	0	0	0	1	0	3	0	1	21	1	8	12	9	8	13	17	26	21	27	55	50	83	79	42	95	64	38	59	123	103	152	28	101	104	85	96	90	129	92	150	263	277	142	150	170	196	191	160	155	197	158	68	137	37	70	170	158	193	120	153	229	123	156	212	165	188	154	86	127	14	74	117	132	42	76	137	115	75	54	66	61	28
摩纳哥	Monaco	0	0	0	0	0	0	0	0	0	0	0	0	0	0	0	0	0	0	0	0	0	0	0	0	0	0	0	0	0	0	0	0	0	0	0	0	0	0	0	0	0	0	0	0	0	0	0	0	0	0	1	0	0	0	0	0	0	0	0	0	0	0	1	0	0	1	4	2	0	0	2	1	6	5	0	4	4	2	9	1	0	6	3	3	5	4	2	7	4	2	2	3	0	8	1	0	0	0	0	1	0	0	0	0	0	0	0	0	0	1	0	0	0	0	0	0	0	0	0	0	0	1	0	0	0	0	0	0	0	0	1	0	0	0	0	1	0	0	0
莫桑比克	Mozambique	0	0	0	0	0	0	0	0	0	0	0	0	0	0	0	0	0	0	0	0	0	0	0	0	0	0	0	0	0	0	0	0	0	0	0	0	0	0	0	0	0	0	0	0	0	0	0	0	0	0	0	0	0	0	0	0	0	0	0	0	0	0	0	0	0	0	0	0	0	0	0	0	0	1	0	2	2	2	1	0	0	0	0	2	0	0	0	0	0	0	7	0	0	4	0	0	7	1	2	8	0	0	0	0	2	5	24	6	0	0	0	0	0	3	0	1	0	1	0	0	1	9	0	12	1	3	8	4	10	8	8	1	10	6	6	0	26	15	4
墨西哥	Mexico	0	0	0	0	0	0	0	0	0	0	0	0	0	0	0	0	0	0	0	0	0	0	0	0	0	0	0	0	0	0	0	0	0	0	0	0	0	0	0	0	0	0	0	0	0	0	0	0	0	1	2	1	1	0	0	0	0	1	1	0	0	0	4	4	11	15	12	29	11	25	46	39	49	0	115	38	70	110	132	131	145	101	121	163	132	178	202	253	296	346	396	260	403	375	442	353	385	448	450	578	622	764	511	729	1043	1089	1239	970	835	852	1223	1047	1425	1515	1349	1383	1434	1120	1609	1982	1906	1938	1562	1305	1997	1862	2409	2437	2112	2075	2414	2713	2248	2973	2960	3329	2764	2485	3455
纳米比亚	Namibia	0	0	0	0	0	0	0	0	0	0	0	0	0	0	0	0	0	0	0	0	0	0	0	0	0	0	0	0	0	0	0	0	0	0	0	0	0	0	0	0	0	0	0	0	0	0	0	0	0	0	0	0	0	0	0	0	0	0	0	0	0	0	0	0	0	0	2	0	0	0	0	0	0	0	0	5	0	1	0	3	0	0	0	2	1	0	2	0	0	0	0	0	0	0	0	0	0	0	0	0	0	0	0	0	0	0	0	0	0	0	0	0	0	0	0	0	0	0	0	0	0	0	0	0	0	0	0	0	0	0	0	0	2	1	1	1	0	0	1
南非	South Africa	0	0	0	0	0	0	0	0	0	0	0	0	0	0	0	0	0	0	0	0	0	0	0	0	0	0	0	0	0	0	0	0	0	0	0	0	0	0	0	0	0	0	0	0	0	0	0	0	0	0	0	0	0	0	0	1	0	0	1	0	0	5	10	7	0	27	10	1	54	34	52	38	0	162	152	155	0	218	243	17	93	46	27	27	82	43	80	70	31	63	96	158	0	25	145	242	0	91	99	178	251	124	142	165	170	318	267	141	185	450	0	354	297	304	385	447	437	352	236	424	663	525	595	1335	0	724	665	785	831	1160	918	767	1937	0	988	1218	1240	1032	649
南极洲	Antarctica	0	0	0	0	0	0	0	0	0	0	0	0	0	0	0	0	0	0	0	0	0	0	0	0	0	0	0	0	0	0	0	0	0	0	0	0	0	0	0	0	0	0	0	0	0	0	0	0	0	0	0	0	0	0	0	0	0	0	0	0	0	0	0	0	0	0	0	0	0	0	0	0	0	0	0	0	0	0	0	0	0	0	0	0	0	0	0	0	0	0	0	0	0	0	0	0	0	0	0	0	0	0	0	0	0	0	0	0	0	0	0	0	0	0	0	0	0	0	0	0	0	0	0	0	0	0	0	0	0	0	0	0	0	0	0	0	0	0	0
南乔治亚岛和南桑威奇群岛	South Georgia and the South Sandwich Islands	0	0	0	0	0	0	0	0	0	0	0	0	0	0	0	0	0	0	0	0	0	0	0	0	0	0	0	0	0	0	0	0	0	0	0	0	0	0	0	0	0	0	0	0	0	0	0	0	0	0	0	0	0	0	0	0	0	0	0	0	0	0	0	0	0	0	0	0	0	0	0	0	0	0	0	0	0	0	0	0	0	0	0	0	0	0	0	0	0	0	0	0	0	0	0	0	0	0	0	0	0	0	0	0	0	0	0	0	0	0	0	0	0	0	0	0	0	0	0	0	0	0	0	0	0	0	0	0	0	0	0	0	0	0	0	0	0	0	0
南沙群岛	Spratly Islands	0	0	0	0	0	0	0	0	0	0	0	0	0	0	0	0	0	0	0	0	0	0	0	0	0	0	0	0	0	0	0	0	0	0	0	0	0	0	0	0	0	0	0	0	0	0	0	0	0	0	0	0	0	0	0	0	0	0	0	0	0	0	0	0	0	0	0	0	0	0	0	0	0	0	0	0	0	0	0	0	0	0	0	0	0	0	0	0	0	0	0	0	0	0	0	0	0	0	0	0	0	0	0	0	0	0	0	0	0	0	0	0	0	0	0	0	0	0	0	0	0	0	0	0	0	0	0	0	0	0	0	0	0	0	0	0	0	0	0
南苏丹	South Sudan	0	0	0	0	0	0	0	0	0	0	0	0	0	0	0	0	0	0	0	0	0	0	0	0	0	0	0	0	0	0	0	0	0	0	0	0	0	0	0	0	0	0	0	0	0	0	0	0	0	0	0	0	0	0	0	0	0	0	0	0	0	0	0	0	0	0	0	0	0	0	0	0	0	0	0	0	0	0	0	0	0	0	0	0	0	0	0	0	0	2	0	1	0	0	1	0	0	0	0	0	0	0	0	0	0	1	0	1	0	0	28	1	0	10	1	0	6	6	16	16	30	0	36	0	38	9	28	5	54	0	0	57	134	0	82	92	0	151	0
瑙鲁	Nauru	0	0	0	0	0	0	0	0	0	0	0	0	0	0	0	0	0	0	0	0	0	0	0	0	0	0	0	0	0	0	0	0	0	0	0	0	0	0	0	0	0	0	0	0	0	0	0	0	0	0	0	0	0	0	0	0	0	0	0	0	0	0	0	0	0	0	0	0	0	0	0	0	0	0	0	0	0	0	0	0	0	0	0	0	0	0	0	0	0	0	0	0	0	0	0	0	0	0	0	0	0	0	0	0	0	0	0	0	0	0	0	0	0	0	0	0	0	0	0	0	0	0	0	0	0	0	0	0	0	0	0	0	0	0	0	0	0	0	0
尼泊尔	Nepal	0	0	0	0	0	0	0	0	0	0	0	0	0	0	1	0	0	0	0	0	0	0	0	0	0	0	0	0	0	0	0	0	0	0	0	0	0	0	0	0	0	0	0	0	0	0	0	0	0	0	0	0	0	0	0	0	0	0	0	0	0	0	0	0	0	0	0	0	0	0	0	0	0	1	0	0	0	2	1	0	0	0	0	1	0	3	0	0	0	0	0	0	0	3	2	2	0	0	14	1	0	0	12	2	3	0	1	3	0	2	3	0	2	0	10	3	10	17	0	3	7	1	11	70	28	31	8	20	14	65	45	25	26	54	77	19	79	90	114
尼加拉瓜	Nicaragua	0	0	0	0	0	0	0	0	0	0	0	0	0	0	0	0	0	0	0	0	0	0	0	0	0	0	0	0	0	0	0	0	0	0	0	0	0	0	0	0	0	0	0	0	0	0	0	0	0	0	0	0	0	0	0	0	0	0	0	0	0	0	0	0	0	0	0	0	0	1	0	0	0	0	0	0	0	0	1	0	0	2	0	0	0	0	0	0	2	0	0	1	0	2	0	0	0	0	0	0	0	1	0	0	0	1	0	1	1	0	0	0	1	0	0	1	0	1	0	0	0	0	0	0	9	0	0	0	0	0	0	229	0	25	0	0	0	0	480
尼日尔	Niger	0	0	0	0	0	0	0	0	0	0	0	0	0	0	0	0	0	0	0	0	0	0	0	0	0	0	0	0	0	0	0	0	0	0	0	0	0	0	0	0	0	0	0	0	0	0	0	0	0	0	0	0	0	0	0	0	0	0	0	0	0	0	0	0	0	0	0	0	0	0	1	0	0	0	0	6	0	1	2	0	8	9	7	40	0	46	24	40	69	25	64	68	0	81	38	19	22	14	25	18	12	9	7	2	0	14	0	13	12	13	0	4	6	9	8	14	5	8	7	11	14	20	6	11	22	6	16	9	4	15	5	5	6	4	13	6	2	6	1
尼日利亚	Nigeria	0	0	0	0	0	0	0	0	0	0	0	0	0	0	0	0	0	0	0	0	0	0	0	0	0	0	0	0	0	0	0	0	0	0	0	0	0	0	0	0	0	0	0	0	0	0	0	0	0	1	0	0	0	0	0	0	0	0	0	1	0	0	0	0	0	0	0	0	6	0	0	14	0	8	0	14	7	14	16	16	14	20	20	23	16	20	14	8	6	16	22	12	0	30	5	20	30	34	35	53	47	85	38	117	0	199	114	87	91	64	195	196	204	238	218	170	244	148	195	381	386	239	248	242	146	184	191	288	171	338	216	226	276	339	245	265	313	229	276
纽埃	Niue	0	0	0	0	0	0	0	0	0	0	0	0	0	0	0	0	0	0	0	0	0	0	0	0	0	0	0	0	0	0	0	0	0	0	0	0	0	0	0	0	0	0	0	0	0	0	0	0	0	0	0	0	0	0	0	0	0	0	0	0	0	0	0	0	0	0	0	0	0	0	0	0	0	0	0	0	0	0	0	0	0	0	0	0	0	0	0	0	0	0	0	0	0	0	0	0	0	0	0	0	0	0	0	0	0	0	0	0	0	0	0	0	0	0	0	0	0	0	0	0	0	0	0	0	0	0	0	0	0	0	0	0	0	0	0	0	0	0	0
挪威	Norway	0	0	0	0	0	0	0	0	0	0	0	0	0	0	0	0	0	0	0	0	0	0	0	0	0	0	0	0	0	0	0	0	0	0	0	0	0	0	0	0	0	0	0	0	0	0	0	0	1	3	3	8	4	13	1	23	30	27	34	22	0	108	212	214	47	296	188	97	0	231	196	181	211	112	311	223	245	274	456	464	158	206	229	255	172	264	167	74	106	220	74	73	127	99	68	96	117	58	139	99	42	25	88	84	86	40	92	6	28	92	41	50	49	24	26	75	20	51	41	38	36	29	6	27	26	29	9	23	25	5	15	3	34	8	31	6	14	14	9
诺福克岛	Norfolk Island	0	0	0	0	0	0	0	0	0	0	0	0	0	0	0	0	0	0	0	0	0	0	0	0	0	0	0	0	0	0	0	0	0	0	0	0	0	0	0	0	0	0	0	0	0	0	0	0	0	0	0	0	0	0	0	0	0	0	0	0	0	0	0	0	0	0	0	0	0	0	0	0	0	0	0	0	0	0	0	0	0	0	0	0	0	0	0	0	0	0	0	0	0	0	0	0	0	0	0	0	0	0	0	0	0	0	0	0	0	0	0	0	0	0	0	0	0	0	0	0	0	0	0	0	0	0	0	0	0	0	0	0	0	0	0	0	0	0	0
帕莱斯蒂娜	Palestina	0	0	0	0	0	0	0	0	0	0	0	0	0	0	0	0	0	0	0	0	0	0	0	0	0	0	0	0	0	0	0	0	0	0	0	0	0	0	0	0	0	0	0	0	0	0	0	0	0	0	0	0	0	0	0	0	0	0	0	0	0	0	0	0	0	0	0	0	0	0	0	0	0	0	0	0	0	0	0	0	0	0	0	0	0	0	0	0	0	0	0	0	0	0	0	0	0	0	0	0	0	0	0	0	0	0	0	0	0	0	0	0	0	0	0	0	0	0	0	0	0	0	0	0	0	0	0	0	0	0	0	0	0	0	0	0	0	0	0
帕劳	Palau	0	0	0	0	0	0	0	0	0	0	0	0	0	0	0	0	0	0	0	0	0	0	0	0	0	0	0	0	0	0	0	0	0	0	0	0	0	0	0	0	0	0	0	0	0	0	0	0	0	0	0	0	0	0	0	0	0	0	0	0	0	0	0	0	0	0	0	0	0	0	0	0	0	0	0	0	0	0	0	0	0	0	0	0	0	0	0	0	0	0	0	0	0	0	0	0	0	0	0	0	0	0	0	0	0	0	0	0	0	0	0	0	0	0	0	0	0	0	0	0	0	0	0	0	0	0	0	0	0	0	0	0	0	0	0	0	0	0	0
皮特凯恩群岛	Pitcairn Islands	0	0	0	0	0	0	0	0	0	0	0	0	0	0	0	0	0	0	0	0	0	0	0	0	0	0	0	0	0	0	0	0	0	0	0	0	0	0	0	0	0	0	0	0	0	0	0	0	0	0	0	0	0	0	0	0	0	0	0	0	0	0	0	0	0	0	0	0	0	0	0	0	0	0	0	0	0	0	0	0	0	0	0	0	0	0	0	0	0	0	0	0	0	0	0	0	0	0	0	0	0	0	0	0	0	0	0	0	0	0	0	0	0	0	0	0	0	0	0	0	0	0	0	0	0	0	0	0	0	0	0	0	0	0	0	0	0	0	0
葡萄牙	Portugal	0	0	0	0	0	0	0	0	0	0	0	0	0	0	0	0	0	0	0	0	0	0	0	0	0	0	0	0	0	0	0	0	0	0	0	0	0	0	0	0	0	0	0	0	0	0	0	0	0	0	0	0	0	0	2	3	0	3	7	15	0	0	29	0	0	53	133	203	0	194	0	638	320	460	302	633	549	724	902	792	446	1035	808	783	852	638	754	452	712	699	815	1516	515	598	349	514	643	750	181	663	521	657	516	603	371	444	595	472	163	295	0	723	306	0	0	173	178	480	533	553	138	175	98	234	219	187	264	227	226	0	396	228	252	288	271	152	165	219	285
日本	Japan	0	0	0	0	0	0	0	0	0	0	1	0	0	0	1	0	2	0	3	1	5	4	0	3	0	0	13	0	41	3	1	6	65	39	44	0	67	70	99	88	79	13	0	0	0	0	0	0	59	26	12	17	19	7	23	46	57	-1	43	51	67	39	37	54	35	72	17	45	39	40	57	38	47	39	69	98	92	116	209	169	51	278	268	279	353	316	416	229	362	516	576	597	743	522	215	553	554	571	535	484	495	348	389	422	464	430	372	209	150	298	228	81	374	5	492	11	174	189	125	82	77	51	112	160	15	107	78	0	88	0	54	3	39	85	51	42	17	32	36
瑞典	Sweden	0	0	0	0	0	0	0	0	0	0	0	0	0	0	0	0	0	0	0	0	0	1	0	0	0	0	0	0	0	0	0	0	0	0	0	0	0	0	0	0	0	0	0	0	0	0	0	0	1	5	5	1	1	5	11	30	41	36	24	99	66	29	145	183	92	186	62	96	0	160	144	201	122	160	110	256	238	536	23	631	328	407	512	519	102	875	387	376	487	726	722	544	466	332	465	497	482	613	676	606	563	392	545	682	1563	0	610	463	286	695	681	790	428	562	235	404	495	702	705	642	656	401	348	602	637	673	625	470	466	0	656	724	649	637	379	271	384	597	648
瑞士	Switzerland	0	0	0	0	0	0	0	0	0	0	0	0	0	0	0	0	0	0	0	0	0	0	0	0	0	0	0	0	0	0	0	0	0	0	0	0	0	0	0	0	0	0	0	0	0	0	1	0	3	11	0	9	3	19	12	23	30	99	18	84	164	0	0	533	180	1031	0	49	759	410	1402	1273	901	0	1822	0	1878	1447	1052	1380	933	650	961	1130	1036	975	822	552	590	547	823	696	592	400	323	290	423	396	346	326	336	204	119	205	228	181	217	167	103	100	143	179	119	112	88	76	28	51	66	81	44	54	39	36	33	50	51	58	15	10	21	40	36	13	18	11	10	15	15
萨尔瓦多	El Salvador	0	0	0	0	0	0	0	0	0	0	0	0	0	0	0	0	0	0	0	0	0	0	0	0	0	0	0	0	0	0	0	0	0	0	0	0	0	0	0	0	0	0	0	0	0	0	0	0	0	0	0	0	0	0	0	0	0	0	0	0	0	0	0	0	0	0	0	0	0	1	0	0	0	0	0	0	0	0	8	4	0	17	0	0	0	0	0	0	48	15	10	14	0	8	12	12	10	5	13	0	24	17	7	12	13	11	13	24	25	22	32	18	29	22	44	65	32	46	62	47	42	105	69	40	39	75	98	55	73	75	85	73	69	85	94	96	68	59	67
萨摩亚	Samoa	0	0	0	0	0	0	0	0	0	0	0	0	0	0	0	0	0	0	0	0	0	0	0	0	0	0	0	0	0	0	0	0	0	0	0	0	0	0	0	0	0	0	0	0	0	0	0	0	0	0	0	0	0	0	0	0	0	0	0	0	0	0	0	0	0	0	0	0	0	0	0	0	0	0	0	0	0	0	0	0	0	0	0	0	0	0	0	0	0	0	0	0	0	0	0	0	0	0	0	0	0	0	0	0	0	0	0	0	0	0	0	0	0	0	0	0	0	0	0	0	0	0	0	0	0	0	0	0	0	0	0	0	0	0	0	0	0	0	0
塞尔维亚	Serbia	0	0	0	0	0	0	0	0	0	0	0	0	0	0	0	0	0	0	0	0	0	0	0	0	0	0	0	0	0	0	0	0	0	0	0	0	0	0	0	0	0	0	0	0	0	0	0	0	0	0	0	0	0	0	0	0	1	0	0	1	2	1	14	12	10	5	9	10	18	6	29	31	22	49	0	164	73	71	131	0	126	115	160	0	111	453	284	292	0	466	201	238	275	250	0	835	0	408	817	304	324	312	260	224	162	207	296	263	233	222	227	0	285	353	0	195	120	114	0	57	184	0	82	62	119	79	64	58	114	0	123	100	86	0	173	67	34	34	48
塞拉利昂	Sierra Leone	0	0	0	0	0	0	0	0	0	0	0	0	0	0	0	0	0	0	0	0	0	0	0	0	0	0	0	0	0	0	0	0	0	0	0	0	0	0	0	0	0	0	0	0	0	0	0	0	0	0	0	0	0	0	0	0	0	0	0	0	0	0	0	0	0	0	0	0	0	0	0	0	0	0	0	0	0	0	0	0	0	0	1	1	0	0	2	0	2	0	1	0	0	3	0	1	2	2	11	4	0	13	7	11	0	21	0	11	0	11	0	20	12	19	0	11	12	47	6	26	34	16	31	0	0	70	0	39	58	0	14	51	0	15	21	101	28	0	47
塞内加尔	Senegal	0	0	0	0	0	0	0	0	0	0	0	0	0	0	0	0	0	0	0	0	0	0	0	0	0	0	0	0	0	0	0	0	0	0	0	0	0	0	0	0	0	0	0	0	0	0	0	0	0	0	0	0	0	1	0	3	0	0	0	0	0	0	0	6	11	1	0	5	4	5	2	9	9	11	12	7	19	14	0	23	20	13	15	5	12	12	3	4	11	0	13	15	0	15	11	8	15	21	7	8	0	27	35	30	37	66	69	57	65	87	59	51	91	91	67	89	58	104	59	59	83	75	177	109	110	84	121	110	60	0	137	97	98	97	67	71	83	31	92
塞浦路斯	Cyprus	0	0	0	0	0	0	0	0	0	0	0	0	0	0	0	0	0	0	0	0	0	0	0	0	0	0	0	0	0	0	0	0	0	0	0	0	0	0	0	0	0	0	0	0	0	0	0	0	0	0	0	0	0	0	0	0	0	0	0	2	0	0	4	8	7	0	12	0	16	9	9	8	9	11	21	8	8	0	30	17	35	16	32	58	36	40	30	20	19	30	31	38	0	52	17	29	33	20	20	15	11	6	5	12	6	5	0	15	7	5	15	6	7	7	7	8	2	9	0	6	2	1	6	111	0	0	0	0	0	0	0	0	0	0	0	0	0	0	0
塞舌尔	Seychelles	0	0	0	0	0	0	0	0	0	0	0	0	0	0	0	0	0	0	0	0	0	0	0	0	0	0	0	0	0	0	0	0	0	0	0	0	0	0	0	0	0	0	0	0	0	0	0	0	0	0	0	0	0	0	0	0	0	0	0	0	0	0	0	0	0	2	0	2	0	0	0	0	0	0	0	0	0	0	1	0	0	3	2	0	0	0	0	0	1	0	0	0	0	0	0	0	0	0	0	0	0	0	0	0	0	0	0	0	0	0	0	0	0	0	0	0	0	0	0	0	0	0	0	0	0	0	0	0	0	0	0	0	0	0	0	0	0	0	0
沙特阿拉伯	Saudi Arabia	0	0	0	0	0	0	0	0	0	0	0	0	0	0	0	0	0	0	0	0	0	0	0	0	0	0	0	0	0	0	0	0	0	0	0	0	0	0	0	0	0	0	0	0	0	0	0	0	0	0	0	0	0	1	0	1	3	0	2	13	0	1	24	17	24	17	15	15	0	0	141	118	119	51	205	133	112	0	191	96	154	110	0	322	0	294	206	138	272	137	355	364	382	429	472	435	493	518	762	1132	1088	1122	1147	1141	1158	1172	1197	1223	1289	1266	1325	1351	1344	1362	1552	1645	1595	1687	1793	1701	1704	1912	1966	1911	1905	2039	2307	2840	2736	2593	2509	2691	2532	0	5084	2399	2235	1931	1815
圣巴塞莱米	Saint-Barthélemy	0	0	0	0	0	0	0	0	0	0	0	0	0	0	0	0	0	0	0	0	0	0	0	0	0	0	0	0	0	0	0	0	0	0	0	0	0	0	0	0	0	0	0	0	0	0	0	0	0	0	0	0	0	0	0	0	0	0	0	0	0	0	0	0	0	0	0	0	0	0	0	0	0	0	0	0	0	0	0	0	0	0	0	0	0	0	0	0	0	0	0	0	0	0	0	0	0	0	0	0	0	0	0	0	0	0	0	0	0	0	0	0	0	0	0	0	0	0	0	0	0	0	0	0	0	0	0	0	0	0	0	0	0	0	0	0	0	0	0
圣诞岛	Christmas Island	0	0	0	0	0	0	0	0	0	0	0	0	0	0	0	0	0	0	0	0	0	0	0	0	0	0	0	0	0	0	0	0	0	0	0	0	0	0	0	0	0	0	0	0	0	0	0	0	0	0	0	0	0	0	0	0	0	0	0	0	0	0	0	0	0	0	0	0	0	0	0	0	0	0	0	0	0	0	0	0	0	0	0	0	0	0	0	0	0	0	0	0	0	0	0	0	0	0	0	0	0	0	0	0	0	0	0	0	0	0	0	0	0	0	0	0	0	0	0	0	0	0	0	0	0	0	0	0	0	0	0	0	0	0	0	0	0	0	0
圣多美和普林西比	São Tomé and Príncipe	0	0	0	0	0	0	0	0	0	0	0	0	0	0	0	0	0	0	0	0	0	0	0	0	0	0	0	0	0	0	0	0	0	0	0	0	0	0	0	0	0	0	0	0	0	0	0	0	0	0	0	0	0	0	0	0	0	0	0	0	0	0	0	0	0	0	0	0	0	0	0	0	0	0	0	0	0	0	0	0	0	0	0	0	0	0	0	4	0	0	0	0	0	0	0	0	0	0	0	0	0	0	0	0	0	0	0	0	0	4	0	6	2	0	0	0	7	151	0	34	0	0	0	0	12	0	15	0	0	0	11	5	0	18	0	0	30	0	142
圣赫勒拿	Saint Helena	0	0	0	0	0	0	0	0	0	0	0	0	0	0	0	0	0	0	0	0	0	0	0	0	0	0	0	0	0	0	0	0	0	0	0	0	0	0	0	0	0	0	0	0	0	0	0	0	0	0	0	0	0	0	0	0	0	0	0	0	0	0	0	0	0	0	0	0	0	0	0	0	0	0	0	0	0	0	0	0	0	0	0	0	0	0	0	0	0	0	0	0	0	0	0	0	0	0	0	0	0	0	0	0	0	0	0	0	0	0	0	0	0	0	0	0	0	0	0	0	0	0	0	0	0	0	0	0	0	0	0	0	0	0	0	0	0	0	0
圣基茨和尼维斯	Saint Kitts and Nevis	0	0	0	0	0	0	0	0	0	0	0	0	0	0	0	0	0	0	0	0	0	0	0	0	0	0	0	0	0	0	0	0	0	0	0	0	0	0	0	0	0	0	0	0	0	0	0	0	0	0	0	0	0	0	0	0	0	0	0	0	0	0	0	0	0	0	0	0	0	0	0	0	0	0	0	0	0	0	0	2	0	0	0	0	0	0	8	0	1	0	0	0	0	1	0	0	2	0	0	0	0	1	0	0	0	0	0	0	0	0	0	0	0	0	0	0	0	0	0	0	0	0	0	0	0	0	0	0	0	0	0	0	0	0	0	0	0	0	0
圣卢西亚	Saint Lucia	0	0	0	0	0	0	0	0	0	0	0	0	0	0	0	0	0	0	0	0	0	0	0	0	0	0	0	0	0	0	0	0	0	0	0	0	0	0	0	0	0	0	0	0	0	0	0	0	0	0	0	0	0	0	0	0	0	0	0	0	0	0	0	0	0	0	0	0	0	0	0	0	0	0	0	0	0	0	0	3	0	6	0	0	0	0	0	0	5	0	0	0	0	1	0	0	0	0	0	0	0	0	0	0	0	0	0	0	0	0	0	2	0	0	0	1	0	0	0	0	0	0	0	0	0	0	0	0	0	0	0	0	0	0	0	0	0	0	0
圣马丁	Saint-Martin	0	0	0	0	0	0	0	0	0	0	0	0	0	0	0	0	0	0	0	0	0	0	0	0	0	0	0	0	0	0	0	0	0	0	0	0	0	0	0	0	0	0	0	0	0	0	0	0	0	0	0	0	0	0	0	0	0	0	0	0	0	0	0	0	0	0	0	0	0	0	0	0	0	0	0	0	0	0	0	0	0	0	0	0	0	0	0	0	0	0	0	0	0	0	0	0	0	0	0	0	0	0	0	0	0	0	0	0	0	0	0	0	0	0	0	0	0	0	0	0	0	0	0	0	0	0	0	0	0	0	0	0	0	0	0	0	0	0	0
圣马力诺	San Marino	0	0	0	0	0	0	0	0	0	0	0	0	0	0	0	0	0	0	0	0	0	0	0	0	0	0	0	0	0	0	0	0	0	0	0	0	0	0	0	0	0	0	0	0	0	0	0	0	0	0	0	1	0	0	0	0	22	0	3	25	0	11	7	0	4	0	25	0	0	0	0	0	0	0	144	0	0	0	0	0	0	0	0	0	3	6	15	0	11	2	29	25	0	23	0	15	1	21	33	9	26	1	14	12	13	0	12	25	0	0	25	6	11	0	2	0	7	19	0	15	14	0	0	1	5	5	0	5	1	0	1	0	3	0	7	0	1	0	1
圣皮埃尔和密克隆	Saint Pierre and Miquelon	0	0	0	0	0	0	0	0	0	0	0	0	0	0	0	0	0	0	0	0	0	0	0	0	0	0	0	0	0	0	0	0	0	0	0	0	0	0	0	0	0	0	0	0	0	0	0	0	0	0	0	0	0	0	0	0	0	0	0	0	0	0	0	0	0	0	0	0	0	0	0	0	0	0	0	0	0	0	0	0	0	0	0	0	0	0	0	0	0	0	0	0	0	0	0	0	0	0	0	0	0	0	0	0	0	0	0	0	0	0	0	0	0	0	0	0	0	0	0	0	0	0	0	0	0	0	0	0	0	0	0	0	0	0	0	0	0	0	0
圣文森特和格林纳丁斯	Saint Vincent and the Grenadines	0	0	0	0	0	0	0	0	0	0	0	0	0	0	0	0	0	0	0	0	0	0	0	0	0	0	0	0	0	0	0	0	0	0	0	0	0	0	0	0	0	0	0	0	0	0	0	0	0	0	0	0	0	0	0	0	0	0	0	0	0	0	0	0	0	0	0	0	0	0	0	0	0	0	0	0	0	0	0	0	0	0	0	0	0	0	0	0	0	0	0	0	0	0	12	0	0	0	0	0	0	0	0	1	0	1	0	0	1	0	0	1	0	0	0	1	0	0	0	0	0	0	0	0	0	0	0	0	0	0	0	0	1	0	0	0	0	0	0
斯里兰卡	Sri Lanka	0	0	0	0	0	0	0	0	0	0	0	0	0	0	0	0	0	0	1	0	0	0	0	0	0	0	0	0	0	0	0	0	0	0	0	0	0	0	0	0	0	0	0	0	0	0	0	0	0	0	0	0	0	0	0	0	0	0	0	0	0	1	1	0	5	4	10	22	6	10	11	6	4	11	8	2	0	4	4	3	9	10	14	0	4	12	9	0	14	3	2	0	0	13	11	5	16	3	4	6	21	35	6	13	14	77	26	37	94	40	11	31	18	19	15	16	39	14	30	20	20	11	8	6	22	25	9	11	26	19	39	7	18	10	30	33	393	0	0
斯洛伐克	Slovakia	0	0	0	0	0	0	0	0	0	0	0	0	0	0	0	0	0	0	0	0	0	0	0	0	0	0	0	0	0	0	0	0	0	0	0	0	0	0	0	0	0	0	0	0	0	0	0	0	0	0	0	0	0	0	0	0	1	0	2	4	0	0	3	6	16	12	17	11	25	8	18	14	41	7	1	18	12	53	0	45	22	0	27	63	24	21	14	49	47	101	19	0	27	14	27	66	28	114	72	40	72	12	26	45	81	35	13	6	2	3	7	5	7	4	1	5	8	8	16	10	0	2	0	8	4	8	0	16	1	1	0	1	6	1	1	5	2	2	2
斯洛文尼亚	Slovenia	0	0	0	0	0	0	0	0	0	0	0	0	0	0	0	0	0	0	0	0	0	0	0	0	0	0	0	0	0	0	0	0	0	0	0	0	0	0	0	0	0	0	0	0	0	0	0	0	0	0	0	0	0	0	0	1	5	0	6	5	8	6	26	32	52	40	38	34	0	0	0	88	0	0	101	0	84	0	106	0	0	170	39	56	0	80	20	24	38	32	33	36	28	17	7	8	28	20	36	4	22	5	9	9	13	7	15	8	6	6	10	11	5	5	0	0	6	3	1	0	5	3	3	1	2	1	0	1	1	0	1	1	0	0	0	0	1	0	2
斯瓦尔巴特和扬马延	Svalbard and Jan Mayen	0	0	0	0	0	0	0	0	0	0	0	0	0	0	0	0	0	0	0	0	0	0	0	0	0	0	0	0	0	0	0	0	0	0	0	0	0	0	0	0	0	0	0	0	0	0	0	0	0	0	0	0	0	0	0	0	0	0	0	0	0	0	0	0	0	0	0	0	0	0	0	0	0	0	0	0	0	0	0	0	0	0	0	0	0	0	0	0	0	0	0	0	0	0	0	0	0	0	0	0	0	0	0	0	0	0	0	0	0	0	0	0	0	0	0	0	0	0	0	0	0	0	0	0	0	0	0	0	0	0	0	0	0	0	0	0	0	0	0
斯威士兰	Swaziland	0	0	0	0	0	0	0	0	0	0	0	0	0	0	0	0	0	0	0	0	0	0	0	0	0	0	0	0	0	0	0	0	0	0	0	0	0	0	0	0	0	0	0	0	0	0	0	0	0	0	0	0	0	0	0	0	0	0	0	0	0	0	0	0	0	1	0	0	0	0	0	0	3	0	1	0	0	3	0	0	0	0	0	0	0	1	0	0	1	0	2	0	0	2	0	1	0	1	0	3	3	2	0	7	0	5	4	19	0	6	6	29	0	6	2	4	4	3	4	30	6	4	9	3	9	3	0	3	12	1	2	3	9	3	5	13	12	6	5
苏丹	Sudan	0	0	0	0	0	0	0	0	0	0	0	0	0	0	0	0	0	0	0	0	0	0	0	0	0	0	0	0	0	0	0	0	0	0	0	0	0	0	0	0	0	0	0	0	0	0	0	0	0	0	0	0	0	0	0	0	0	0	0	0	0	0	0	0	1	0	0	0	0	0	0	1	0	0	1	0	0	0	2	0	1	1	0	0	1	2	2	0	2	0	0	1	0	4	0	10	3	0	0	13	21	26	15	33	23	11	0	39	62	0	43	57	67	92	58	86	100	74	78	0	181	53	201	161	135	157	146	0	325	302	0	137	410	0	240	250	192	156	170
苏里南	Suriname	0	0	0	0	0	0	0	0	0	0	0	0	0	0	0	0	0	0	0	0	0	0	0	0	0	0	0	0	0	0	0	0	0	0	0	0	0	0	0	0	0	0	0	0	0	0	0	0	0	0	0	0	0	0	0	0	0	0	0	0	0	0	0	0	1	0	0	0	0	0	1	0	3	0	1	0	0	0	1	0	0	1	1	0	0	1	0	0	0	0	0	0	0	0	0	0	0	0	0	0	0	0	0	0	0	0	0	0	0	0	0	0	0	0	0	0	0	0	0	0	0	0	0	0	0	0	0	0	0	0	1	0	0	0	0	0	0	0	0
所罗门群岛	Solomon Islands	0	0	0	0	0	0	0	0	0	0	0	0	0	0	0	0	0	0	0	0	0	0	0	0	0	0	0	0	0	0	0	0	0	0	0	0	0	0	0	0	0	0	0	0	0	0	0	0	0	0	0	0	0	0	0	0	0	0	0	0	0	0	0	0	0	0	0	0	0	0	0	0	0	0	0	0	0	0	0	0	0	0	0	0	0	0	0	0	0	0	0	0	0	0	0	0	0	0	0	0	0	0	0	0	0	0	0	0	0	0	0	0	0	0	0	0	0	0	0	0	0	0	0	0	0	0	0	0	0	0	0	0	0	0	0	0	0	0	0
索马里	Somalia	0	0	0	0	0	0	0	0	0	0	0	0	0	0	0	0	0	0	0	0	0	0	0	0	0	0	0	0	0	0	0	0	0	0	0	0	0	0	0	0	0	0	0	0	0	0	0	0	0	0	0	0	0	0	0	0	0	0	0	0	0	0	0	0	0	0	1	0	0	0	0	0	0	0	0	0	1	1	0	0	0	0	2	0	0	2	0	0	0	1	4	0	0	9	4	35	0	20	0	84	0	0	73	49	0	42	62	0	46	44	48	54	19	0	70	51	34	79	38	55	0	69	57	35	81	49	65	0	73	64	34	47	71	21	0	0	0	95	22
塔吉克斯坦	Tajikistan	0	0	0	0	0	0	0	0	0	0	0	0	0	0	0	0	0	0	0	0	0	0	0	0	0	0	0	0	0	0	0	0	0	0	0	0	0	0	0	0	0	0	0	0	0	0	0	0	0	0	0	0	0	0	0	0	0	0	0	0	0	0	0	0	0	0	0	0	0	0	0	0	0	0	0	0	0	0	0	0	0	0	0	0	0	0	0	0	0	0	0	0	0	0	0	0	0	0	0	0	0	0	0	0	0	0	0	0	0	0	0	0	0	0	76	52	0	0	0	0	0	484	0	49	68	178	0	211	0	406	205	0	0	621	201	378	0	0	0
泰国	Thailand	0	0	0	0	0	0	0	0	0	0	2	1	0	0	1	0	3	1	6	0	0	5	0	0	0	6	0	0	0	7	0	0	0	1	0	0	0	1	1	0	0	0	0	0	0	0	2	3	0	1	1	0	1	0	0	4	1	2	0	0	3	6	11	5	7	32	33	30	35	60	50	89	188	122	106	107	111	91	109	143	136	127	120	104	103	89	102	51	38	111	54	50	45	33	28	34	30	29	28	38	27	27	19	15	13	15	53	15	9	7	9	7	6	6	3	18	1	1	3	8	4	5	6	2	0	1	7	0	3	3	2	1	3	0	3	0	2	3	9
坦桑尼亚	Tanzania	0	0	0	0	0	0	0	0	0	0	0	0	0	0	0	0	0	0	0	0	0	0	0	0	0	0	0	0	0	0	0	0	0	0	0	0	0	0	0	0	0	0	0	0	0	0	0	0	0	0	0	0	0	0	0	0	0	0	0	0	0	0	0	0	0	0	1	0	0	0	0	0	11	0	0	0	1	0	1	0	5	0	1	0	0	0	0	2	2	1	0	7	0	0	14	3	10	35	53	0	0	23	84	30	0	0	15	0	0	0	181	0	0	0	0	0	0	0	0	0	29	0	0	0	0	0	0	0	0	0	0	0	0	0	0	0	0	0	0
汤加	Tonga	0	0	0	0	0	0	0	0	0	0	0	0	0	0	0	0	0	0	0	0	0	0	0	0	0	0	0	0	0	0	0	0	0	0	0	0	0	0	0	0	0	0	0	0	0	0	0	0	0	0	0	0	0	0	0	0	0	0	0	0	0	0	0	0	0	0	0	0	0	0	0	0	0	0	0	0	0	0	0	0	0	0	0	0	0	0	0	0	0	0	0	0	0	0	0	0	0	0	0	0	0	0	0	0	0	0	0	0	0	0	0	0	0	0	0	0	0	0	0	0	0	0	0	0	0	0	0	0	0	0	0	0	0	0	0	0	0	0	0
特克斯和凯科斯群岛	Turks and Caicos Islands	0	0	0	0	0	0	0	0	0	0	0	0	0	0	0	0	0	0	0	0	0	0	0	0	0	0	0	0	0	0	0	0	0	0	0	0	0	0	0	0	0	0	0	0	0	0	0	0	0	0	0	0	0	0	0	0	0	0	0	0	0	0	0	0	0	0	0	0	0	0	0	0	0	0	0	0	0	0	0	2	0	0	0	0	0	0	0	0	0	0	0	0	0	0	0	0	0	0	0	0	0	0	0	0	0	0	0	0	0	0	0	0	0	0	10	0	0	0	0	0	0	0	0	0	0	0	0	0	0	0	0	0	0	0	0	0	0	0	0
特立尼达和多巴哥	Trinidad and Tobago	0	0	0	0	0	0	0	0	0	0	0	0	0	0	0	0	0	0	0	0	0	0	0	0	0	0	0	0	0	0	0	0	0	0	0	0	0	0	0	0	0	0	0	0	0	0	0	0	0	0	0	0	0	0	0	0	0	0	0	0	0	0	0	1	0	0	0	0	0	0	0	0	0	0	0	0	0	0	56	4	0	22	0	0	0	17	4	1	0	2	0	2	0	3	1	0	0	1	0	0	0	0	0	1	0	0	0	0	1	0	0	0	0	0	0	0	0	0	0	0	0	0	0	0	0	0	0	0	0	0	0	0	0	0	0	0	0	0	0
突尼斯	Tunisia	0	0	0	0	0	0	0	0	0	0	0	0	0	0	0	0	0	0	0	0	0	0	0	0	0	0	0	0	0	0	0	0	0	0	0	0	0	0	0	0	0	0	0	0	0	0	0	0	0	0	0	0	0	1	0	0	0	0	0	4	0	0	2	6	0	3	4	0	4	15	0	21	15	14	25	0	59	54	0	0	85	50	32	29	32	40	58	21	22	27	5	15	28	14	22	19	21	33	42	42	2	13	5	17	8	9	0	21	10	18	8	5	14	4	11	4	5	4	3	1	4	2	0	0	0	0	0	3	2	0	6	1	1	1	2	0	3	0	0
图瓦卢	Tuvalu	0	0	0	0	0	0	0	0	0	0	0	0	0	0	0	0	0	0	0	0	0	0	0	0	0	0	0	0	0	0	0	0	0	0	0	0	0	0	0	0	0	0	0	0	0	0	0	0	0	0	0	0	0	0	0	0	0	0	0	0	0	0	0	0	0	0	0	0	0	0	0	0	0	0	0	0	0	0	0	0	0	0	0	0	0	0	0	0	0	0	0	0	0	0	0	0	0	0	0	0	0	0	0	0	0	0	0	0	0	0	0	0	0	0	0	0	0	0	0	0	0	0	0	0	0	0	0	0	0	0	0	0	0	0	0	0	0	0	0
土耳其	Turkey	0	0	0	0	0	0	0	0	0	0	0	0	0	0	0	0	0	0	0	0	0	0	0	0	0	0	0	0	0	0	0	0	0	0	0	0	0	0	0	0	0	0	0	0	0	0	0	0	0	0	0	0	0	0	0	0	0	0	0	0	0	1	0	1	3	1	12	29	51	93	168	311	277	289	293	343	561	1196	2069	1704	1815	1610	2704	2148	2456	2786	3013	3135	3148	3892	4117	4056	4747	5138	4789	4093	4062	4281	4801	4353	3783	3977	4674	4611	3083	3116	3122	2861	2357	2131	2392	2936	2615	2188	1983	1670	1614	4085	0	1977	1848	1546	1542	1114	1704	1639	1635	1708	1610	1368	1158	1022	972	961	2138	0	1141	987	948
土库曼斯坦	Turkmenistan	0	0	0	0	0	0	0	0	0	0	0	0	0	0	0	0	0	0	0	0	0	0	0	0	0	0	0	0	0	0	0	0	0	0	0	0	0	0	0	0	0	0	0	0	0	0	0	0	0	0	0	0	0	0	0	0	0	0	0	0	0	0	0	0	0	0	0	0	0	0	0	0	0	0	0	0	0	0	0	0	0	0	0	0	0	0	0	0	0	0	0	0	0	0	0	0	0	0	0	0	0	0	0	0	0	0	0	0	0	0	0	0	0	0	0	0	0	0	0	0	0	0	0	0	0	0	0	0	0	0	0	0	0	0	0	0	0	0	0
托克劳	Tokelau	0	0	0	0	0	0	0	0	0	0	0	0	0	0	0	0	0	0	0	0	0	0	0	0	0	0	0	0	0	0	0	0	0	0	0	0	0	0	0	0	0	0	0	0	0	0	0	0	0	0	0	0	0	0	0	0	0	0	0	0	0	0	0	0	0	0	0	0	0	0	0	0	0	0	0	0	0	0	0	0	0	0	0	0	0	0	0	0	0	0	0	0	0	0	0	0	0	0	0	0	0	0	0	0	0	0	0	0	0	0	0	0	0	0	0	0	0	0	0	0	0	0	0	0	0	0	0	0	0	0	0	0	0	0	0	0	0	0	0
瓦利斯和富图纳	Wallis and Futuna	0	0	0	0	0	0	0	0	0	0	0	0	0	0	0	0	0	0	0	0	0	0	0	0	0	0	0	0	0	0	0	0	0	0	0	0	0	0	0	0	0	0	0	0	0	0	0	0	0	0	0	0	0	0	0	0	0	0	0	0	0	0	0	0	0	0	0	0	0	0	0	0	0	0	0	0	0	0	0	0	0	0	0	0	0	0	0	0	0	0	0	0	0	0	0	0	0	0	0	0	0	0	0	0	0	0	0	0	0	0	0	0	0	0	0	0	0	0	0	0	0	0	0	0	0	0	0	0	0	0	0	0	0	0	0	0	0	0	0
瓦努阿图	Vanuatu	0	0	0	0	0	0	0	0	0	0	0	0	0	0	0	0	0	0	0	0	0	0	0	0	0	0	0	0	0	0	0	0	0	0	0	0	0	0	0	0	0	0	0	0	0	0	0	0	0	0	0	0	0	0	0	0	0	0	0	0	0	0	0	0	0	0	0	0	0	0	0	0	0	0	0	0	0	0	0	0	0	0	0	0	0	0	0	0	0	0	0	0	0	0	0	0	0	0	0	0	0	0	0	0	0	0	0	0	0	0	0	0	0	0	0	0	0	0	0	0	0	0	0	0	0	0	0	0	0	0	0	0	0	0	0	0	0	0	0
危地马拉	Guatemala	0	0	0	0	0	0	0	0	0	0	0	0	0	0	0	0	0	0	0	0	0	0	0	0	0	0	0	0	0	0	0	0	0	0	0	0	0	0	0	0	0	0	0	0	0	0	0	0	0	0	0	0	0	0	0	0	0	0	0	0	0	0	0	0	1	0	1	0	0	0	0	0	15	0	0	0	0	0	7	0	0	12	0	0	0	14	11	0	13	6	7	39	0	27	2	12	13	16	18	21	22	32	5	22	26	42	46	43	27	30	27	28	14	45	44	15	27	33	35	34	68	67	85	62	85	143	176	125	120	149	89	132	132	247	231	311	370	336	194
委内瑞拉	Venezuela	0	0	0	0	0	0	0	0	0	0	0	0	0	0	0	0	0	0	0	0	0	0	0	0	0	0	0	0	0	0	0	0	0	0	0	0	0	0	0	0	0	0	0	0	0	0	0	0	0	0	0	0	0	0	0	0	0	0	0	0	0	0	0	0	2	8	7	16	0	0	9	0	28	0	14	0	22	1	0	0	0	28	0	0	0	0	0	0	30	1	1	4	0	4	6	8	8	0	7	23	0	29	29	3	10	13	7	5	2	4	0	2	2	2	10	12	4	6	12	2	7	14	12	8	1	17	15	4	45	37	77	131	75	58	62	66	111	56	34
文莱	Brunei	0	0	0	0	0	0	0	0	0	0	0	0	0	0	0	0	0	0	0	0	0	0	0	0	0	0	0	0	0	0	0	0	0	0	0	0	0	0	0	0	0	0	0	0	0	0	0	0	0	0	0	0	0	0	0	0	0	0	0	0	6	0	19	11	4	10	4	0	14	5	5	5	5	3	13	5	5	1	5	6	1	2	2	2	0	2	0	0	0	0	0	1	0	0	0	0	0	0	0	1	1	0	0	0	0	0	0	0	0	0	0	0	0	0	0	0	0	1	2	0	0	0	0	0	0	0	0	0	0	0	0	0	0	0	0	0	0	0	0
乌干达	Uganda	0	0	0	0	0	0	0	0	0	0	0	0	0	0	0	0	0	0	0	0	0	0	0	0	0	0	0	0	0	0	0	0	0	0	0	0	0	0	0	0	0	0	0	0	0	0	0	0	0	0	0	0	0	0	0	0	0	0	0	0	0	0	0	0	0	0	0	0	0	0	0	0	1	0	8	5	0	4	5	7	3	0	11	0	1	3	0	4	0	0	1	0	0	0	1	0	1	0	0	1	0	0	2	3	2	11	1	0	4	0	0	2	2	2	3	1	8	1	2	1	13	2	5	1	7	10	21	43	24	21	12	4	0	0	0	0	0	0	0
乌克兰	Ukraine	0	0	0	0	0	0	0	0	0	0	0	0	0	0	0	0	0	0	0	0	0	0	0	0	0	0	0	0	0	0	0	0	0	0	0	0	0	0	0	0	0	0	0	0	0	0	0	0	0	0	0	0	0	1	0	0	0	0	0	0	0	0	0	2	0	0	2	2	7	2	10	15	6	26	11	29	43	62	92	108	62	69	120	135	138	154	155	68	143	206	224	311	308	266	325	270	392	397	501	444	343	261	415	467	578	477	478	492	392	401	456	540	455	550	502	418	366	487	507	504	515	522	416	375	402	422	483	528	433	325	260	354	476	442	432	406	259	339	321
乌拉圭	Uruguay	0	0	0	0	0	0	0	0	0	0	0	0	0	0	0	0	0	0	0	0	0	0	0	0	0	0	0	0	0	0	0	0	0	0	0	0	0	0	0	0	0	0	0	0	0	0	0	0	0	0	0	0	0	0	0	0	0	0	0	0	0	0	0	0	4	2	0	0	44	29	15	16	25	23	0	31	28	21	36	30	0	16	18	0	31	17	14	6	9	9	32	17	0	28	0	0	0	0	1	6	9	11	7	8	6	8	6	33	10	14	5	5	13	5	4	3	2	13	3	11	10	8	5	4	6	2	5	8	1	1	150	0	0	0	0	0	0	0	0
乌兹别克斯坦	Uzbekistan	0	0	0	0	0	0	0	0	0	0	0	0	0	0	0	0	0	0	0	0	0	0	0	0	0	0	0	0	0	0	0	0	0	0	0	0	0	0	0	0	0	0	0	0	0	0	0	0	0	0	0	0	0	0	0	0	0	0	0	0	0	0	0	0	0	1	5	0	7	10	0	0	20	0	7	5	10	18	21	29	16	9	15	17	31	42	35	92	114	41	37	42	105	104	101	179	162	74	41	79	74	61	53	35	24	62	58	33	18	52	30	48	58	19	42	45	23	27	38	55	25	62	71	27	59	68	16	67	22	21	63	102	37	42	83	61	39	92	74
西班牙	Spain	0	0	0	0	0	0	0	0	0	0	0	0	0	0	0	0	0	0	0	0	0	0	1	0	0	0	0	0	0	0	1	0	0	0	0	0	0	0	0	0	0	0	0	0	0	0	2	0	6	15	16	33	0	76	15	58	122	42	129	688	444	480	840	1241	1023	2521	1438	1987	2538	3431	2833	4946	3646	4517	6584	7937	8578	7871	8189	6549	6398	9222	7719	8102	7472	7026	6023	4273	5478	6180	5756	4576	4830	4167	3477	3045	5092	5183	5252	3658	4218	4266	3968	4211	4635	6740	3995	0	12440	0	0	3440	0	5928	0	2734	2260	3121	3173	3262	2666	1880	3480	1377	1575	1551	1721	2138	0	1214	469	615	721	593	1787	466	482	0	487
西撒哈拉	Western Sahara	0	0	0	0	0	0	0	0	0	0	0	0	0	0	0	0	0	0	0	0	0	0	0	0	0	0	0	0	0	0	0	0	0	0	0	0	0	0	0	0	0	0	0	0	0	0	0	0	0	0	0	0	0	0	0	0	0	0	0	0	0	0	0	0	0	0	0	0	0	0	0	0	0	0	0	0	0	0	0	0	0	0	0	0	0	0	0	0	0	0	0	0	0	0	6	0	0	0	0	0	0	0	0	0	0	0	0	0	0	0	0	0	0	0	0	0	0	0	0	0	0	0	0	0	0	0	0	0	0	0	0	0	0	0	0	0	3	0	0
西沙群岛	Paracel Islands	0	0	0	0	0	0	0	0	0	0	0	0	0	0	0	0	0	0	0	0	0	0	0	0	0	0	0	0	0	0	0	0	0	0	0	0	0	0	0	0	0	0	0	0	0	0	0	0	0	0	0	0	0	0	0	0	0	0	0	0	0	0	0	0	0	0	0	0	0	0	0	0	0	0	0	0	0	0	0	0	0	0	0	0	0	0	0	0	0	0	0	0	0	0	0	0	0	0	0	0	0	0	0	0	0	0	0	0	0	0	0	0	0	0	0	0	0	0	0	0	0	0	0	0	0	0	0	0	0	0	0	0	0	0	0	0	0	0	0
希腊	Greece	0	0	0	0	0	0	0	0	0	0	0	0	0	0	0	0	0	0	0	0	0	0	0	0	0	0	0	0	0	0	0	0	0	0	0	0	0	0	0	0	0	0	0	0	0	0	0	1	2	1	0	3	0	0	0	24	14	1	20	18	5	0	0	28	73	38	103	21	35	0	0	108	35	165	0	48	78	71	74	95	95	56	102	101	169	59	30	62	20	77	52	111	16	70	33	31	25	22	15	27	1	0	10	156	7	55	27	16	11	17	32	10	15	21	8	6	6	31	0	15	13	19	6	10	18	16	10	40	9	15	2	4	10	3	21	2	2	4	10
辛特·马丁	Sint Maarten	0	0	0	0	0	0	0	0	0	0	0	0	0	0	0	0	0	0	0	0	0	0	0	0	0	0	0	0	0	0	0	0	0	0	0	0	0	0	0	0	0	0	0	0	0	0	0	0	0	0	0	0	0	0	0	0	0	0	0	0	0	0	0	0	0	0	0	0	0	0	0	0	0	0	0	0	0	0	0	0	0	0	0	0	0	0	0	0	0	0	0	0	0	0	0	0	0	0	0	0	0	0	0	0	0	0	0	0	0	0	0	0	0	0	0	0	0	0	0	0	0	0	0	0	0	0	0	0	0	0	0	0	0	0	0	0	0	0	0
新加坡	Singapore	0	0	0	0	0	0	0	0	0	0	0	0	0	1	2	0	1	0	3	3	3	3	2	0	0	6	0	6	0	10	3	2	2	3	8	9	0	5	3	6	0	3	1	0	4	1	0	3	3	2	4	4	2	0	2	7	13	0	8	0	28	0	21	13	0	26	17	0	70	32	40	47	23	54	49	73	52	49	70	42	35	47	74	49	65	75	120	66	0	248	287	198	191	0	619	334	0	447	1351	1538	0	1426	1111	1016	1037	897	618	931	799	528	690	528	932	447	657	573	632	788	741	768	753	876	486	849	675	752	793	465	682	305	451	570	448	614	642	548	344	383	533
新喀里多尼亚	New Caledonia	0	0	0	0	0	0	0	0	0	0	0	0	0	0	0	0	0	0	0	0	0	0	0	0	0	0	0	0	0	0	0	0	0	0	0	0	0	0	0	0	0	0	0	0	0	0	0	0	0	0	0	0	0	0	0	0	0	0	0	0	0	0	0	0	0	0	0	0	0	0	0	0	0	0	0	0	0	12	0	2	0	0	0	0	0	0	0	0	0	0	0	0	0	0	0	0	0	0	0	0	0	0	0	0	0	0	0	0	0	0	0	0	0	0	4	0	0	0	0	0	0	0	0	0	0	0	0	0	0	0	0	0	0	0	0	0	0	0	0
新西兰	New Zealand	0	0	0	0	0	0	0	0	0	0	0	0	0	0	0	0	0	0	0	0	0	0	0	0	0	0	0	0	0	0	0	0	0	0	0	0	0	0	0	0	0	0	0	0	0	0	0	0	0	1	0	0	0	0	1	1	1	1	0	0	0	0	0	0	1	2	0	3	9	8	11	14	14	35	40	63	73	60	113	63	38	95	0	150	71	82	89	67	54	50	29	44	29	18	19	17	20	15	8	13	9	9	5	6	0	5	5	9	0	2	2	2	3	6	2	0	0	1	1	1	2	2	3	0	0	0	1	0	1	0	4	0	0	1	0	0	0	0	0
匈牙利	Hungary	0	0	0	0	0	0	0	0	0	0	0	0	0	0	0	0	0	0	0	0	0	0	0	0	0	0	0	0	0	0	0	0	0	0	0	0	0	0	0	0	0	0	0	0	0	0	0	0	0	0	0	0	0	0	0	2	0	1	2	4	0	0	0	7	3	11	2	18	0	22	13	18	28	36	20	39	35	39	43	75	29	45	33	60	47	46	55	11	73	78	85	210	120	100	48	54	67	73	111	0	153	68	114	70	116	99	60	57	83	66	78	48	88	79	56	37	30	46	39	28	35	50	21	29	28	39	37	56	36	26	21	42	43	37	35	28	15	15	22
叙利亚	Syria	0	0	0	0	0	0	0	0	0	0	0	0	0	0	0	0	0	0	0	0	0	0	0	0	0	0	0	0	0	0	0	0	0	0	0	0	0	0	0	0	0	0	0	0	0	0	0	0	0	0	0	0	0	0	0	0	0	0	0	0	0	0	0	0	0	0	0	0	0	0	0	0	0	1	0	3	1	0	0	0	0	5	0	6	0	0	0	3	0	0	0	0	0	6	0	4	0	4	0	5	0	1	0	3	0	0	0	0	1	0	0	0	0	1	0	0	0	1	0	0	2	0	0	0	0	1	0	2	1	7	0	0	0	0	12	0	36	15	0
牙买加	Jamaica	0	0	0	0	0	0	0	0	0	0	0	0	0	0	0	0	0	0	0	0	0	0	0	0	0	0	0	0	0	0	0	0	0	0	0	0	0	0	0	0	0	0	0	0	0	0	0	0	0	0	0	0	0	0	0	0	0	0	0	0	0	1	0	0	0	0	0	0	0	14	0	0	0	0	0	0	0	0	11	0	0	10	0	0	0	17	2	0	4	4	0	0	0	6	3	1	32	20	18	20	10	23	27	10	19	5	31	17	45	14	17	15	26	10	31	6	2	2	5	10	2	8	4	3	2	2	0	2	6	3	98	0	0	0	0	0	0	0	0
亚美尼亚	Armenia	0	0	0	0	0	0	0	0	0	0	0	0	0	0	0	0	0	0	0	0	0	0	0	0	0	0	0	0	0	0	0	0	0	0	0	0	0	0	0	0	0	0	0	0	0	0	0	0	0	0	0	1	0	0	0	0	0	0	0	0	0	0	3	0	9	7	8	17	33	32	26	0	24	30	45	21	34	39	43	52	57	51	39	92	73	34	52	11	20	28	40	16	30	46	26	28	44	48	42	47	43	48	62	72	50	73	81	69	62	59	65	134	82	125	113	121	112	163	102	145	146	138	79	146	180	142	184	239	189	351	218	230	335	322	374	359	452	289	372
也门	Yemen	0	0	0	0	0	0	0	0	0	0	0	0	0	0	0	0	0	0	0	0	0	0	0	0	0	0	0	0	0	0	0	0	0	0	0	0	0	0	0	0	0	0	0	0	0	0	0	0	0	0	0	0	0	0	0	0	0	0	0	0	0	0	0	0	0	0	0	0	0	0	0	0	0	0	0	0	0	0	0	0	0	0	0	0	0	0	0	0	0	0	0	1	0	0	0	0	0	0	0	0	0	0	0	0	0	0	0	0	0	0	0	5	0	1	3	0	12	0	4	0	8	0	19	5	7	20	0	21	16	6	2	41	13	13	12	3	21	0	20
伊拉克	Iraq	0	0	0	0	0	0	0	0	0	0	0	0	0	0	0	0	0	0	0	0	0	0	0	0	0	0	0	0	0	0	0	0	0	0	0	0	0	0	0	0	0	0	0	0	0	1	4	0	1	1	1	5	8	5	5	0	7	8	8	13	0	4	0	12	10	17	14	30	10	0	28	16	6	19	33	50	66	76	48	41	0	83	64	78	0	48	58	83	70	91	80	30	47	39	34	26	22	15	19	48	31	26	35	28	29	46	31	55	57	108	0	75	82	68	66	77	50	85	49	63	60	94	70	51	95	119	161	0	67	144	150	57	113	153	395	0	197	163	216
伊朗	Iran	0	0	0	0	0	0	0	0	0	0	0	0	0	0	0	0	0	0	0	0	0	0	0	0	0	0	0	0	0	0	0	0	0	0	0	0	0	0	0	0	0	2	16	10	0	33	34	44	131	118	205	385	523	835	586	591	1234	1076	743	595	881	958	1075	1289	1365	1209	1053	1178	1192	1046	1237	966	1028	1411	1762	2206	2389	2926	3076	2901	3186	3111	2987	2875	2715	2560	2483	2274	2089	4697	0	906	1837	1657	1617	1574	1512	1606	1499	1374	1343	1294	1297	1194	1030	1168	1134	1153	991	1112	1073	983	1016	792	976	1223	1323	1680	1485	1556	1529	1383	1683	1481	1958	1808	2102	1757	1806	2294	2111	2346	2392	2311	1869	2180	2023	1787	2080
以色列	Israel	0	0	0	0	0	0	0	0	0	0	0	0	0	0	0	0	0	0	0	0	0	0	0	0	0	0	0	0	0	0	0	0	0	0	0	0	0	0	0	0	0	0	1	0	0	1	0	0	1	5	0	2	0	0	0	5	2	4	4	25	0	25	25	26	28	41	149	0	99	86	176	178	62	293	418	1054	0	325	425	405	482	484	760	769	670	559	429	593	395	398	351	340	430	353	357	633	332	391	264	252	255	292	229	443	266	290	266	250	68	262	54	88	134	148	41	44	31	46	32	63	35	14	34	34	13	28	22	17	2	13	29	9	11	20	22	0	8	23	28
意大利	Italy	0	0	0	0	0	0	0	0	0	0	0	0	0	0	0	0	0	0	0	0	0	0	0	0	0	0	0	0	0	0	0	0	0	0	0	0	0	0	0	0	0	0	0	17	81	58	68	40	205	122	238	240	566	342	466	587	769	778	1247	3289	977	134	2179	2651	2547	3497	3590	3233	3526	4207	5322	5986	6557	10349	0	5249	5210	6153	5959	5974	5217	4050	4053	4782	4668	4585	4805	4316	3599	3039	3836	4204	3951	4694	4092	3153	2972	2667	3786	3493	3491	3047	2256	2729	3370	2646	3021	2357	2324	1739	2091	2086	1872	1965	1900	1389	1221	2519	0	1401	1327	1083	802	744	1402	888	992	789	875	675	451	813	665	642	1321	0	531	300	397
印度	India	0	0	0	0	0	0	0	0	0	0	0	0	0	0	0	0	0	0	0	0	1	0	0	1	1	0	0	0	0	0	0	0	0	0	0	0	0	0	0	0	0	0	0	0	0	0	0	0	0	0	0	0	0	3	9	15	1	2	6	8	11	3	12	8	3	23	10	20	14	22	33	77	58	127	51	87	43	75	194	106	47	180	386	432	498	515	506	726	597	569	757	534	1105	628	848	1189	1392	826	1076	957	1573	1291	1329	1486	1326	1705	1440	1975	1463	1071	2336	1823	1755	2411	2487	2573	3875	2725	3609	4261	2575	4258	3585	4869	2455	4285	3501	3761	5644	3930	6166	5484	5642	6113	7784	6367	7503	5916	6160
印度尼西亚	Indonesia	0	0	0	0	0	0	0	0	0	0	0	0	0	0	0	0	0	0	0	0	0	0	0	0	0	0	0	0	0	0	0	0	0	0	0	0	0	0	0	0	0	0	0	0	0	0	0	0	0	0	0	0	2	0	0	0	2	0	0	0	23	0	0	42	27	21	0	55	55	82	60	81	64	65	107	104	103	153	109	130	129	114	149	113	196	106	181	218	247	218	337	219	330	399	316	282	297	380	407	325	327	185	375	283	357	436	396	275	214	415	260	347	433	292	349	395	484	367	338	336	533	387	233	484	689	568	490	529	495	490	486	693	973	634	949	526	479	415	686
英国	United Kingdom	0	0	0	0	0	0	0	0	0	0	0	0	0	0	0	0	0	0	0	0	0	2	0	0	0	0	0	0	1	0	0	5	0	0	1	0	0	0	0	0	0	0	0	0	0	4	0	0	2	5	3	12	1	15	0	39	73	0	43	113	0	54	87	130	208	342	403	407	676	1	645	714	1035	662	967	1430	1457	5042	2510	2669	2383	3009	4324	4642	4052	3735	5903	645	3851	8431	754	4385	13119	5288	5275	5269	3653	4617	6661	5545	5869	6	4682	8779	4608	4221	4913	1192	4469	7107	1205	4091	6040	6208	4811	4342	3990	9269	1258	5618	4652	3897	7800	2137	4520	3448	10	7013	7	3534	2714	2429	2096	12	4908	1357	2405	5674	12
英属维尔京群岛	British Virgin Islands	0	0	0	0	0	0	0	0	0	0	0	0	0	0	0	0	0	0	0	0	0	0	0	0	0	0	0	0	0	0	0	0	0	0	0	0	0	0	0	0	0	0	0	0	0	0	0	0	0	0	0	0	0	0	0	0	0	0	0	0	0	0	0	0	0	0	0	0	0	0	0	0	0	0	0	0	0	0	0	0	0	0	0	0	0	0	0	0	0	0	0	0	0	0	0	0	0	0	0	0	0	0	0	0	0	0	0	0	0	0	0	0	0	0	0	0	0	0	0	0	0	0	0	0	0	0	0	0	0	0	0	0	0	0	0	0	0	0	0
英属印度洋领地	British Indian Ocean Territory	0	0	0	0	0	0	0	0	0	0	0	0	0	0	0	0	0	0	0	0	0	0	0	0	0	0	0	0	0	0	0	0	0	0	0	0	0	0	0	0	0	0	0	0	0	0	0	0	0	0	0	0	0	0	0	0	0	0	0	0	0	0	0	0	0	0	0	0	0	0	0	0	0	0	0	0	0	0	0	0	0	0	0	0	0	0	0	0	0	0	0	0	0	0	0	0	0	0	0	0	0	0	0	0	0	0	0	0	0	0	0	0	0	0	0	0	0	0	0	0	0	0	0	0	0	0	0	0	0	0	0	0	0	0	0	0	0	0	0
约旦	Jordan	0	0	0	0	0	0	0	0	0	0	0	0	0	0	0	0	0	0	0	0	0	0	0	0	0	0	0	0	0	0	0	0	0	0	0	0	0	0	0	0	0	0	0	0	0	0	0	0	0	0	0	0	1	0	0	0	0	0	0	0	0	0	0	0	0	6	9	14	11	16	13	16	13	13	15	26	19	40	23	11	13	9	6	4	21	11	13	22	4	4	5	14	0	9	8	2	6	4	1	5	6	4	8	3	7	2	7	0	3	2	0	2	2	6	1	1	4	6	2	21	14	14	18	22	14	6	4	10	11	6	16	20	23	12	16	4	4	3	7
越南	Vietnam	0	0	0	0	0	0	0	0	0	0	0	0	0	2	0	0	0	0	0	0	3	0	1	1	1	2	0	0	2	1	0	1	1	0	1	0	0	0	0	0	0	0	0	0	0	0	0	0	0	0	0	0	0	0	0	0	0	2	3	0	13	1	9	3	6	1	6	1	7	8	9	9	19	10	0	18	12	10	11	14	15	4	5	15	6	7	1	4	4	2	4	2	0	3	5	1	1	1	0	0	0	0	0	0	0	2	0	0	0	0	0	0	0	0	1	0	0	0	17	0	0	0	0	0	0	0	24	6	2	4	0	0	0	0	0	1	1	1	0
赞比亚	Zambia	0	0	0	0	0	0	0	0	0	0	0	0	0	0	0	0	0	0	0	0	0	0	0	0	0	0	0	0	0	0	0	0	0	0	0	0	0	0	0	0	0	0	0	0	0	0	0	0	0	0	0	0	0	0	0	0	0	0	0	0	0	0	0	0	0	0	0	0	0	0	0	2	1	0	0	0	0	19	6	1	6	1	0	3	0	0	0	0	0	0	0	1	0	3	2	0	3	0	4	5	4	4	5	4	0	10	0	4	1	6	0	2	9	13	5	13	0	9	0	21	85	15	0	174	5	208	14	0	85	0	19	60	0	34	54	0	0	0	137
泽西岛	Jersey	0	0	0	0	0	0	0	0	0	0	0	0	0	0	0	0	0	0	0	0	0	0	0	0	0	0	0	0	0	0	0	0	0	0	0	0	0	0	0	0	0	0	0	0	0	0	0	0	0	0	0	0	0	0	0	0	0	0	0	0	0	0	0	0	0	0	0	0	0	0	0	0	0	0	0	0	0	0	0	0	0	0	0	0	0	0	0	0	0	0	0	0	0	0	0	0	0	0	0	0	0	0	0	0	0	0	0	0	0	0	0	0	0	0	0	0	0	0	0	0	0	0	0	0	0	0	0	0	0	0	0	0	0	0	0	0	0	0	0
乍得	Chad	0	0	0	0	0	0	0	0	0	0	0	0	0	0	0	0	0	0	0	0	0	0	0	0	0	0	0	0	0	0	0	0	0	0	0	0	0	0	0	0	0	0	0	0	0	0	0	0	0	0	0	0	0	0	0	0	0	0	0	0	0	0	0	0	0	0	0	0	0	0	1	0	0	0	0	2	0	0	2	0	0	0	0	0	0	4	0	0	0	1	0	0	0	0	8	5	0	4	0	6	0	0	0	0	0	7	0	6	0	0	6	0	21	0	44	0	0	53	0	83	7	62	0	0	35	15	27	29	46	29	16	26	20	23	23	37	27	12	13
直布罗陀	Gibraltar	0	0	0	0	0	0	0	0	0	0	0	0	0	0	0	0	0	0	0	0	0	0	0	0	0	0	0	0	0	0	0	0	0	0	0	0	0	0	0	0	0	0	0	0	0	0	0	0	0	0	0	0	0	0	0	0	0	0	0	0	0	0	0	0	0	0	0	0	0	0	0	0	0	0	0	0	0	0	35	0	0	0	0	0	0	0	0	0	0	0	0	0	0	0	0	0	0	96	0	0	0	0	0	0	0	0	0	0	0	0	0	0	0	0	13	0	0	0	0	0	0	2	0	0	0	1	0	0	0	0	0	0	0	0	0	0	0	0	0
智利	Chile	0	0	0	0	0	0	0	0	0	0	0	0	0	0	0	0	0	0	0	0	0	0	0	0	0	0	0	0	0	0	0	0	0	0	0	0	0	0	0	0	0	0	0	0	0	0	0	0	0	0	0	0	0	0	1	2	1	0	3	1	5	4	6	10	10	18	14	81	45	37	104	92	103	0	209	176	0	384	304	299	540	0	582	373	0	333	424	690	0	695	0	426	529	426	286	312	392	356	534	445	478	358	419	325	464	516	494	552	473	482	552	1658	0	985	1427	1228	980	1373	1032	1533	1391	1247	1647	1197	1658	2660	2659	2502	1886	2353	2278	3520	4038	3964	4276	3536	3709	4895	3964
中非共和国	Central African Republic	0	0	0	0	0	0	0	0	0	0	0	0	0	0	0	0	0	0	0	0	0	0	0	0	0	0	0	0	0	0	0	0	0	0	0	0	0	0	0	0	0	0	0	0	0	0	0	0	0	0	0	0	0	0	0	0	0	0	0	0	0	0	0	0	0	1	0	0	0	0	2	0	0	0	0	0	0	0	3	0	0	0	0	0	0	2	1	0	0	1	1	0	0	0	0	0	0	1	0	0	0	0	2	0	3	2	0	0	22	9	0	0	14	8	0	0	13	9	0	24	25	0	36	0	0	42	0	80	26	0	39	45	7	18	43	73	52	48	19
中国（含港澳台）	China	27	0	0	0	0	0	4	17	59	78	93	150	153	280	460	670	794	1758	1419	1737	1984	2103	2588	2834	3230	3896	3696	3150	3393	2654	3072	2486	2028	15148	5095	2642	2008	2052	1892	1751	399	892	399	649	416	517	411	440	329	430	579	205	129	119	142	144	105	46	45	20	31	25	10	19	27	29	39	35	84	66	115	82	103	149	97	114	118	134	127	108	99	84	93	78	73	55	75	66	89	89	57	81	96	81	99	49	51	27	31	21	36	34	18	13	9	16	11	3	26	2	4	12	3	5	7	4	2	3	6	1	15	19	35	7	6	5	9	6	10	6	5	2	13	2	3	11	7	1	3
钻石公主号	Diamond Princess	0	0	0	0	0	0	0	0	0	0	0	0	0	0	0	0	0	0	0	0	0	0	0	0	0	0	0	0	0	0	0	0	0	0	0	0	0	0	0	0	0	0	0	0	0	0	0	0	0	0	0	0	0	0	0	0	0	-1	0	0	0	1	0	0	0	0	15	0	0	0	0	0	0	0	0	0	0	0	0	0	0	0	0	0	0	0	0	0	0	0	0	0	0	0	0	0	0	0	0	0	0	0	0	0	0	0	0	0	0	0	0	0	0	0	0	0	0	0	0	0	0	0	0	0	0	0	0	0	0	0	0	0	0	0	0	0	0	0	0
波多黎各	Puerto Rico	0	0	0	0	0	0	0	0	0	0	0	0	0	0	0	0	0	0	0	0	0	0	0	0	0	0	0	0	0	0	0	0	0	0	0	0	0	0	0	0	0	0	0	0	0	0	0	0	0	0	0	0	0	0	0	0	0	0	0	0	0	0	0	0	0	3	2	0	0	0	1	8	0	0	0	0	0	0	0	0	0	0	0	0	0	302	136	0	121	-1	-1	-1	-1	-1	-1	-1	-1	-1	-1	-1	-1	-1	-1	-1	-1	-1	-1	-1	-1	-1	-1	-1	-1	-1	-1	-1	-1	-1	-1	-1	-1	-1	-1	-1	-1	-1	-1	-1	-1	-1	-1	-1	-1	-1	-1	-1	-1	-1	-1
