Region_CN	Region_EN	T20191231	T20200111	T20200112	T20200113	T20200114	T20200115	T20200116	T20200117	T20200118	T20200119	T20200120	T20200121	T20200122	T20200123	T20200124	T20200125	T20200126	T20200127	T20200128	T20200129	T20200130	T20200131	T20200201	T20200202	T20200203	T20200204	T20200205	T20200206	T20200207	T20200208	T20200209	T20200210	T20200211	T20200212	T20200213	T20200214	T20200215	T20200216	T20200217	T20200218	T20200219	T20200220	T20200221	T20200222	T20200223	T20200224	T20200225	T20200226	T20200227	T20200228	T20200229	T20200301	T20200302
阿坝藏族羌族自治州	Ngawa Tibetan and Qiang	0	0	0	0	0	0	0	0	0	0	0	0	0	0	0	0	0	0	0	0	0	0	0	0	0	0	0	0	0	0	0	0	0	0	0	0	0	0	1	1	1	1	1	1	1	1	1	1	1	1	1	1	1
阿克苏地区	Aksu	0	0	0	0	0	0	0	0	0	0	0	0	0	0	0	0	0	0	0	0	0	0	0	0	0	0	0	0	0	0	0	0	0	0	1	1	1	1	1	1	1	1	1	1	1	1	1	1	1	1	1	1	1
阿拉尔市	Alaer	0	0	0	0	0	0	0	0	0	0	0	0	0	0	0	0	0	0	0	0	0	0	0	0	0	0	0	0	0	0	0	0	0	0	0	0	0	0	0	0	0	0	0	0	0	0	0	0	0	0	0	0	0
阿拉善盟	Alxa	0	0	0	0	0	0	0	0	0	0	0	0	0	0	0	0	0	0	0	0	0	0	0	0	0	0	0	0	0	0	0	0	0	0	0	0	0	0	0	0	0	0	0	0	0	0	0	0	0	0	0	0	0
阿勒泰地区	Altay	0	0	0	0	0	0	0	0	0	0	0	0	0	0	0	0	0	0	0	0	0	0	0	0	0	0	0	0	0	0	0	0	0	0	0	0	0	0	0	0	0	0	0	0	0	0	0	0	0	0	0	0	0
阿里地区	Ngari	0	0	0	0	0	0	0	0	0	0	0	0	0	0	0	0	0	0	0	0	0	0	0	0	0	0	0	0	0	0	0	0	0	0	0	0	0	0	0	0	0	0	0	0	0	0	0	0	0	0	0	0	0
安康市	Ankang	0	0	0	0	0	0	0	0	0	0	0	0	0	0	0	0	0	0	0	0	0	0	0	0	0	0	0	0	0	0	0	0	0	0	0	0	0	0	0	0	0	0	0	0	0	0	0	0	0	0	0	0	0
安庆市	Anqing	0	0	0	0	0	0	0	0	0	0	0	0	0	0	0	0	0	0	0	0	0	0	0	0	0	3	3	3	6	6	12	15	15	15	29	32	33	34	34	39	44	53	55	61	65	69	73	78	83	84	84	86	86
安顺市	Anshun	0	0	0	0	0	0	0	0	0	0	0	0	0	0	0	0	0	0	0	0	0	0	0	0	0	0	0	0	0	0	0	0	0	0	0	0	0	1	1	1	1	1	1	1	3	3	3	4	4	4	4	4	4
安阳市	Anyang	0	0	0	0	0	0	0	0	0	0	0	0	0	0	0	0	0	0	0	0	0	0	0	0	0	0	0	0	0	0	0	0	0	0	0	0	0	0	0	0	0	0	0	0	0	0	0	0	0	0	0	0	0
鞍山市	Anshan	0	0	0	0	0	0	0	0	0	0	0	0	0	0	0	0	0	0	0	0	0	0	0	0	0	0	0	0	0	0	0	0	0	0	0	0	0	0	0	0	0	0	0	0	0	0	0	1	1	1	2	2	2
澳门特别行政区	Macao	0	0	0	0	0	0	0	0	0	0	0	0	0	0	0	0	0	0	0	0	0	0	0	0	0	0	0	1	1	1	1	1	1	2	3	3	3	5	5	5	6	6	6	6	6	7	8	8	9	9	9	9	9
巴彦淖尔市	Baynnur	0	0	0	0	0	0	0	0	0	0	0	0	0	0	0	0	0	0	0	0	0	0	0	0	0	0	0	0	0	0	0	0	0	0	0	0	0	0	0	0	0	0	3	3	6	6	6	6	6	6	7	7	7
巴音郭楞蒙古自治州	Bayingol Mongolian Autonomous	0	0	0	0	0	0	0	0	0	0	0	0	0	0	0	0	0	0	0	0	0	0	0	0	0	0	0	0	0	0	0	0	0	0	0	0	0	0	0	0	0	0	2	2	2	2	2	3	3	3	3	3	3
巴中市	Bazhong	0	0	0	0	0	0	0	0	0	0	0	0	0	0	0	0	0	0	0	0	0	0	0	0	0	0	0	0	1	1	1	1	1	1	1	1	1	3	3	3	3	10	10	10	10	10	10	11	11	12	12	12	16
白城市	Baicheng	0	0	0	0	0	0	0	0	0	0	0	0	0	0	0	0	0	0	0	0	0	0	0	0	0	0	0	0	0	0	0	0	0	0	0	0	0	0	0	0	0	0	0	0	0	0	0	0	0	0	0	0	0
白沙黎族自治县	Baisha	0	0	0	0	0	0	0	0	0	0	0	0	0	0	0	0	0	0	0	0	0	0	0	0	0	0	0	0	0	0	0	0	0	0	0	0	0	0	0	0	0	0	0	0	0	0	0	0	0	0	0	0	0
白山市	Baishan	0	0	0	0	0	0	0	0	0	0	0	0	0	0	0	0	0	0	0	0	0	0	0	0	0	0	0	0	0	0	0	0	0	0	0	0	0	0	0	0	0	0	0	0	0	0	0	0	0	0	0	0	0
白银市	Baiyin	0	0	0	0	0	0	0	0	0	0	0	0	0	0	0	0	0	0	0	0	0	0	0	0	0	0	0	0	0	0	0	0	0	0	0	0	0	0	0	0	0	0	0	0	0	0	-1	0	0	0	0	4	4
百色市	Baise	0	0	0	0	0	0	0	0	0	0	0	0	0	0	0	0	0	0	0	0	0	0	0	0	0	0	0	0	0	0	0	0	0	0	0	0	0	0	0	2	2	2	2	2	2	2	3	3	3	3	3	3	3
蚌埠市	Bengbu	0	0	0	0	0	0	0	0	0	0	0	0	0	0	0	0	0	0	0	0	0	0	0	0	0	0	0	0	1	1	1	2	2	2	3	7	9	13	21	30	40	56	81	101	107	113	119	127	136	141	144	146	148
包头市	Baotou	0	0	0	0	0	0	0	0	0	0	0	0	0	0	0	0	0	0	0	0	0	0	0	0	0	0	0	0	0	0	0	0	0	0	0	0	0	0	0	0	1	2	2	4	4	5	5	5	5	6	6	6	8
宝鸡市	Baoji	0	0	0	0	0	0	0	0	0	0	0	0	0	0	0	0	0	0	0	0	0	0	0	0	0	0	0	0	0	0	0	0	0	0	0	0	0	0	0	0	0	0	0	0	0	0	0	0	0	0	0	0	0
保定市	Baoding	0	0	0	0	0	0	0	0	0	0	0	0	0	0	0	0	0	0	0	0	0	0	2	2	2	2	4	4	8	8	8	9	9	11	11	17	19	21	26	27	27	27	29	29	29	32	32	32	32	32	32	32	32
保山市	Baoshan	0	0	0	0	0	0	0	0	0	0	0	0	0	0	0	0	0	0	0	0	0	0	0	0	0	0	0	0	0	0	0	0	0	0	0	0	2	2	2	2	3	3	4	5	5	5	7	8	8	8	8	8	8
保亭黎族苗族自治县	Baoting	0	0	0	0	0	0	0	0	0	0	0	0	0	0	0	0	0	0	0	0	0	0	0	0	0	0	0	0	0	0	0	0	0	0	0	0	0	1	1	1	1	1	1	1	1	1	1	1	1	1	3	3	3
北海市	Beihai	0	0	0	0	0	0	0	0	0	0	0	0	0	0	0	0	0	0	0	0	0	0	0	0	0	2	2	3	3	3	3	4	4	4	4	7	7	9	10	14	14	14	14	14	14	21	24	29	32	33	33	35	37
北京市	Beijing	0	0	0	0	0	0	0	0	0	0	0	0	0	0	1	2	2	2	4	4	5	5	9	12	23	24	31	33	34	37	44	48	56	68	79	97	105	114	122	145	153	169	178	189	198	215	232	245	254	268	273	279	285
北屯市	Beitun	0	0	0	0	0	0	0	0	0	0	0	0	0	0	0	0	0	0	0	0	0	0	0	0	0	0	0	0	0	0	0	0	0	0	0	0	0	0	0	0	0	0	0	0	0	0	0	0	0	0	0	0	0
本溪市	Benxi	0	0	0	0	0	0	0	0	0	0	0	0	0	0	0	0	0	0	0	0	0	0	0	0	0	0	0	0	0	0	0	0	0	0	1	1	1	1	1	3	3	3	3	3	3	3	3	3	3	3	3	3	3
毕节市	Bijie	0	0	0	0	0	0	0	0	0	0	0	0	0	0	0	0	0	0	0	0	0	0	0	0	0	0	0	0	0	0	0	0	2	2	4	5	6	7	10	10	10	10	13	13	14	14	15	15	15	15	15	16	16
滨州市	Binzhou	0	0	0	0	0	0	0	0	0	0	0	0	0	0	0	0	0	0	0	0	0	0	0	0	0	2	2	3	4	4	4	5	6	6	6	8	9	9	10	10	11	11	11	11	11	11	11	12	12	12	12	13	13
亳州市	Bozhou	0	0	0	0	0	0	0	0	0	0	0	0	0	0	0	0	0	0	1	1	1	1	2	2	2	2	2	5	5	5	5	7	7	12	16	19	25	35	35	47	58	65	70	73	80	81	82	84	94	95	96	98	102
博尔塔拉蒙古自治州	Bortala Mongol Autonomous	0	0	0	0	0	0	0	0	0	0	0	0	0	0	0	0	0	0	0	0	0	0	0	0	0	0	0	0	0	0	0	0	0	0	0	0	0	0	0	0	0	0	0	0	0	0	0	0	0	0	0	0	0
沧州市	Cangzhou	0	0	0	0	0	0	0	0	0	0	0	0	0	0	0	0	0	0	0	0	0	0	0	0	0	0	0	2	4	6	8	10	12	12	12	14	14	18	18	18	18	22	22	26	28	31	33	35	39	41	42	45	45
昌都市	Changdu	0	0	0	0	0	0	0	0	0	0	0	0	0	0	0	0	0	0	0	0	0	0	0	0	0	0	0	0	0	0	0	0	0	0	0	0	0	0	0	0	0	0	0	0	0	0	0	0	0	0	0	0	0
昌吉回族自治州	Changji Hui Autonomous	0	0	0	0	0	0	0	0	0	0	0	0	0	0	0	0	0	0	0	0	0	0	0	0	0	0	0	0	0	0	0	0	0	0	0	0	0	0	0	0	2	2	2	3	3	3	3	3	4	4	4	4	4
昌江黎族自治县	Changjiang Li Autonomous	0	0	0	0	0	0	0	0	0	0	0	0	0	0	0	0	0	0	0	0	0	0	0	0	0	0	0	0	0	0	0	0	0	0	0	0	0	0	1	1	2	2	2	3	3	3	3	3	4	6	7	8	8
常德市	Changde	0	0	0	0	0	0	0	0	0	0	0	0	0	0	0	0	0	0	0	0	0	0	0	0	0	3	3	14	14	15	15	15	18	24	26	27	28	31	34	43	49	52	58	60	61	62	66	67	69	72	72	72	74
常州市	Changzhou	0	0	0	0	0	0	0	0	0	0	0	0	0	0	0	0	0	0	0	0	0	0	0	0	0	2	2	5	5	5	6	6	6	11	11	11	11	20	20	27	27	29	36	36	36	41	41	48	48	48	48	48	50
朝阳市	Chaoyang	0	0	0	0	0	0	0	0	0	0	0	0	0	0	0	0	0	0	0	0	0	0	0	0	0	0	0	0	0	0	0	0	2	2	2	2	2	3	3	3	3	3	3	3	3	3	3	3	3	4	4	4	4
潮州市	Chaozhou	0	0	0	0	0	0	0	0	0	0	0	0	0	0	0	0	0	0	0	0	0	0	0	0	0	0	0	0	0	0	0	0	0	0	0	0	0	0	0	0	0	0	0	0	0	0	0	0	0	0	0	0	0
郴州市	Chenzhou	0	0	0	0	0	0	0	0	0	0	0	0	0	0	0	0	0	0	0	0	1	1	1	1	1	1	2	4	6	8	8	13	14	15	15	22	22	22	26	27	29	29	30	31	31	31	31	33	34	34	35	35	35
成都市	Chengdu	0	0	0	0	0	0	0	0	0	0	0	0	0	0	0	0	0	0	0	1	1	3	3	10	10	17	19	25	30	35	38	41	41	42	43	44	49	53	56	61	69	71	75	78	78	79	81	83	85	88	88	90	92
承德市	Chengde	0	0	0	0	0	0	0	0	0	0	0	0	0	0	0	0	0	0	0	0	0	0	0	0	0	0	0	0	0	0	1	1	1	1	1	2	2	4	4	4	4	5	6	6	7	7	7	7	7	7	7	7	7
澄迈县	Chengmai	0	0	0	0	0	0	0	0	0	0	0	0	0	0	0	0	0	0	0	0	0	0	0	0	0	0	0	1	1	1	1	1	1	1	1	2	2	2	2	5	5	5	6	6	6	6	6	6	7	7	7	7	7
池州市	Chizhou	0	0	0	0	0	0	0	0	0	0	0	0	0	0	0	0	0	0	0	0	0	0	0	0	1	1	1	1	1	1	1	3	3	3	3	4	4	6	6	6	7	10	10	10	10	13	16	16	16	16	16	18	19
赤峰市	Chifeng	0	0	0	0	0	0	0	0	0	0	0	0	0	0	0	0	0	0	0	0	0	0	0	0	0	0	0	0	1	1	1	1	1	2	2	2	2	2	2	3	3	3	3	3	3	3	4	5	8	8	8	8	8
崇左市	Chongzuo	0	0	0	0	0	0	0	0	0	0	0	0	0	0	0	0	0	0	0	0	0	0	0	0	0	0	0	0	0	0	0	0	0	0	0	0	0	0	0	0	0	0	0	0	0	0	0	0	0	0	0	0	0
滁州市	Chuzhou	0	0	0	0	0	0	0	0	0	0	0	0	0	0	0	0	0	0	0	0	0	0	0	0	2	2	2	2	2	2	2	3	4	4	4	7	7	7	7	7	7	8	8	8	8	9	10	10	11	11	12	12	12
楚雄彝族自治州	Chuxiong	0	0	0	0	0	0	0	0	0	0	0	0	0	0	0	0	0	0	0	0	0	0	0	0	0	0	0	0	0	0	0	0	0	0	0	0	1	1	1	1	1	2	4	4	4	4	4	4	4	4	4	4	4
达州市	Dazhou	0	0	0	0	0	0	0	0	0	0	0	0	0	0	0	0	0	0	0	0	0	0	0	0	1	1	1	4	4	5	5	5	5	5	5	5	5	6	8	8	11	11	13	13	13	15	15	20	21	26	27	27	28
大理白族自治州	Dali Bai Autonomous	0	0	0	0	0	0	0	0	0	0	0	0	0	0	0	0	0	0	0	0	0	0	0	0	0	0	0	0	0	0	0	0	0	0	0	0	6	6	6	10	10	10	10	11	11	12	12	12	12	12	13	13	13
大连市	Dalian	0	0	0	0	0	0	0	0	0	0	0	0	0	0	0	0	0	0	0	1	1	1	1	1	1	2	3	3	3	3	3	3	4	4	4	4	5	5	5	9	9	9	9	9	9	11	11	12	12	12	15	15	15
大庆市	Daqing	0	0	0	0	0	0	0	0	0	0	0	0	0	0	0	0	0	0	0	0	0	0	0	0	0	0	0	0	0	0	0	0	0	0	1	1	2	3	4	7	7	8	8	8	9	12	12	14	16	17	17	18	19
大同市	Datong	0	0	0	0	0	0	0	0	0	0	0	0	0	0	0	0	0	0	0	0	0	0	0	0	0	0	0	0	3	3	3	3	3	4	4	4	4	4	5	6	6	6	6	6	8	8	8	8	8	8	8	8	9
大兴安岭地区	Daxinganling	0	0	0	0	0	0	0	0	0	0	0	0	0	0	0	0	0	0	0	0	0	0	0	0	0	0	0	0	0	0	0	0	0	0	0	0	0	1	1	1	2	2	2	2	2	2	2	2	2	2	2	2	2
丹东市	Dandong	0	0	0	0	0	0	0	0	0	0	0	0	0	0	0	0	0	0	0	0	0	0	0	0	0	0	0	1	1	1	3	3	3	3	4	4	4	4	4	4	5	5	6	6	6	6	6	6	6	6	6	7	7
儋州市	Danzhou	0	0	0	0	0	0	0	0	0	0	0	0	0	0	0	0	0	0	0	0	0	0	0	0	0	0	0	0	0	1	1	1	1	2	2	2	2	7	8	9	11	11	11	12	12	12	12	12	12	12	12	12	12
德宏傣族景颇族自治州	Dehong  Autonomous	0	0	0	0	0	0	0	0	0	0	0	0	0	0	0	0	0	0	0	0	0	0	0	0	0	0	0	0	0	0	0	0	0	0	0	0	2	2	2	2	2	2	2	2	2	2	2	4	4	4	4	4	4
德阳市	Deyang	0	0	0	0	0	0	0	0	0	0	0	0	0	0	0	0	0	0	0	0	0	0	0	0	0	0	0	0	0	0	0	0	0	0	0	0	0	0	1	1	1	3	5	6	7	7	9	9	10	10	10	10	11
德州市	Dezhou	0	0	0	0	0	0	0	0	0	0	0	0	0	0	0	0	0	0	0	0	1	1	1	1	1	1	1	2	2	4	4	6	6	6	6	7	7	7	9	9	9	11	11	12	12	15	15	15	15	17	18	18	18
迪庆藏族自治州	Diqing Tibetan Autonomous	0	0	0	0	0	0	0	0	0	0	0	0	0	0	0	0	0	0	0	0	0	0	0	0	0	0	0	0	0	0	0	0	0	0	0	0	0	0	0	0	0	0	0	0	0	0	0	0	0	0	0	0	0
定安县	Dingan	0	0	0	0	0	0	0	0	0	0	0	0	0	0	0	0	0	0	0	0	0	0	0	0	0	0	0	0	0	0	0	0	0	1	1	1	1	2	2	2	2	2	2	2	2	2	2	2	2	2	2	2	2
定西市	Dingxi	0	0	0	0	0	0	0	0	0	0	0	0	0	0	0	0	0	0	0	0	0	0	0	1	1	1	1	1	1	1	1	1	1	1	1	1	1	1	1	1	1	1	1	1	0	0	-1	0	0	0	0	8	8
东方市	Dongwan	0	0	0	0	0	0	0	0	0	0	0	0	0	0	0	0	0	0	0	0	0	0	0	0	0	0	0	0	0	0	0	0	0	1	1	1	2	2	2	2	2	2	2	2	2	2	2	2	2	2	2	2	2
东莞市	Dongguan	0	0	0	0	0	0	0	0	0	0	0	0	0	0	0	0	0	0	0	0	0	0	0	0	0	0	0	0	0	0	0	0	0	0	0	0	0	0	0	0	0	0	0	0	0	0	0	0	0	0	0	0	0
东营市	Dongying	0	0	0	0	0	0	0	0	0	0	0	0	0	0	0	0	0	0	0	0	0	0	0	0	0	0	0	0	0	0	0	0	0	0	0	0	0	0	0	0	0	0	0	0	0	0	0	0	0	0	0	0	0
鄂尔多斯市	Ordos	0	0	0	0	0	0	0	0	0	0	0	0	0	0	0	0	0	0	0	0	0	0	0	0	0	0	2	2	2	2	2	2	2	2	2	2	3	3	3	3	3	5	7	7	7	9	9	9	9	9	10	10	10
鄂州市	Ezhou	0	0	0	0	0	0	0	0	0	0	0	0	0	0	0	0	0	0	0	0	0	0	0	2	4	6	8	9	11	42	48	61	72	95	116	199	222	244	265	301	350	375	386	417	465	496	543	611	685	747	784	814	840
恩施土家族苗族自治州	Enshi Tujia and Miao Autonomous	0	0	0	0	0	0	0	0	0	0	0	0	0	0	0	0	0	0	0	0	0	0	1	5	5	6	10	10	13	20	24	31	38	48	58	71	76	81	90	96	102	112	117	123	146	151	158	164	172	181	192	193	198
防城港市	Fangchenggang	0	0	0	0	0	0	0	0	0	0	0	0	0	0	0	0	0	0	1	1	1	1	1	1	1	1	1	1	1	1	1	1	1	1	1	1	1	1	1	6	6	6	6	6	6	8	8	8	8	10	10	10	10
佛山市	Foshan	0	0	0	0	0	0	0	0	0	0	0	0	0	0	0	0	0	0	0	0	0	0	0	0	0	0	0	0	0	0	0	0	0	0	0	0	0	0	0	0	0	0	0	0	0	0	0	0	0	0	0	0	0
福州市	Fuzhou	0	0	0	0	0	0	0	0	0	0	0	0	0	0	0	0	0	0	0	0	0	0	0	0	0	0	0	0	0	0	0	0	0	0	0	0	0	0	0	0	0	0	0	0	0	0	0	0	0	0	0	0	0
抚顺市	Fushun	0	0	0	0	0	0	0	0	0	0	0	0	0	0	0	0	0	0	0	0	0	0	0	0	0	0	0	0	0	0	0	0	0	0	0	0	0	0	0	0	0	0	0	0	0	0	0	0	0	0	0	0	0
抚州市	Fuzhou	0	0	0	0	0	0	0	0	0	0	0	0	0	0	0	0	0	0	0	0	0	0	0	0	0	1	5	7	7	7	9	9	11	14	14	17	20	22	28	29	35	37	46	47	51	52	58	61	61	63	65	65	70
阜新市	Fuxin	0	0	0	0	0	0	0	0	0	0	0	0	0	0	0	0	0	0	0	0	0	0	0	0	0	0	0	0	0	0	0	0	0	0	0	0	0	3	3	6	6	6	6	6	6	8	8	8	8	8	8	8	8
阜阳市	Fuyang	0	0	0	0	0	0	0	0	0	0	0	0	0	0	0	0	0	0	0	0	0	0	0	0	0	3	3	7	9	11	13	13	17	17	23	28	32	37	41	47	64	79	90	99	102	104	106	109	116	125	131	136	142
甘南藏族自治州	Gannan Tibetan Autonomous	0	0	0	0	0	0	0	0	0	0	0	0	0	0	0	0	0	0	0	0	0	0	0	0	0	0	0	0	0	0	0	0	0	0	0	0	0	0	0	0	0	0	0	0	0	0	-1	0	0	0	0	8	8
甘孜藏族自治州	Ganzi Tibetan Autonomous	0	0	0	0	0	0	0	0	0	0	0	0	0	0	0	0	0	0	0	0	0	0	0	0	0	0	0	0	0	0	0	2	2	3	3	3	3	3	6	8	8	9	10	12	12	18	18	18	20	31	40	47	47
赣州市	Ganzhou	0	0	0	0	0	0	0	0	0	0	0	0	0	0	0	0	0	0	0	0	0	1	1	1	1	1	2	2	2	2	6	7	8	10	12	14	17	18	20	24	28	34	40	47	49	53	57	61	63	70	71	72	73
固原市	Guyuan	0	0	0	0	0	0	0	0	0	0	0	0	0	0	0	0	0	0	0	0	0	0	0	0	0	0	0	0	0	2	2	2	2	2	2	2	2	2	2	3	3	3	3	3	4	4	4	5	5	5	5	5	5
广安市	Guangan	0	0	0	0	0	0	0	0	0	0	0	0	0	0	0	0	0	0	0	0	0	0	0	1	1	1	1	1	3	3	3	3	3	5	7	8	10	10	14	16	19	20	20	20	20	20	20	20	21	23	24	25	25
广元市	Guangyuan	0	0	0	0	0	0	0	0	0	0	0	0	0	0	0	0	0	0	0	0	0	0	0	0	0	0	0	0	0	0	1	1	1	1	1	2	2	3	3	4	4	4	5	5	6	6	6	6	6	6	6	6	6
广州市	Guangzhou	0	0	0	0	0	0	0	0	0	0	0	0	0	0	0	0	0	0	0	0	0	0	0	0	0	0	0	0	0	0	0	0	0	0	0	0	0	0	0	0	0	0	0	0	0	0	0	0	0	0	0	0	0
贵港市	Guigang	0	0	0	0	0	0	0	0	0	0	0	0	0	0	0	0	0	0	0	0	0	0	0	0	0	0	0	0	0	0	0	0	0	0	2	2	2	2	3	3	3	3	3	3	3	4	4	5	6	6	6	8	8
贵阳市	Guiyang	0	0	0	0	0	0	0	0	0	0	0	0	0	0	0	0	0	0	0	0	1	1	1	1	1	1	1	1	1	1	1	1	3	3	4	4	6	10	13	13	14	17	18	18	23	23	23	27	27	27	27	28	28
桂林市	Guilin	0	0	0	0	0	0	0	0	0	0	0	0	0	0	0	0	0	0	0	0	0	0	0	0	4	4	5	5	5	5	5	5	5	5	5	5	10	10	12	15	15	15	17	17	17	23	23	24	24	24	26	27	28
果洛藏族自治州	Golog Tibetan Autonomous	0	0	0	0	0	0	0	0	0	0	0	0	0	0	0	0	0	0	0	0	0	0	0	0	0	0	0	0	0	0	0	0	0	0	0	0	0	0	0	0	0	0	0	0	0	0	0	0	0	0	0	0	0
哈尔滨市	Harbin	0	0	0	0	0	0	0	0	0	0	0	0	0	0	0	0	0	0	0	0	0	0	2	2	2	4	6	6	9	9	9	15	15	15	15	19	30	32	32	46	48	55	75	77	77	77	77	78	85	94	123	140	140
哈密市	Hami	0	0	0	0	0	0	0	0	0	0	0	0	0	0	0	0	0	0	0	0	0	0	0	0	0	0	0	0	0	0	0	0	0	0	0	0	0	0	0	0	0	0	0	0	0	0	0	0	0	0	0	0	0
海北藏族自治州	Haibei Tibetan Autonomous	0	0	0	0	0	0	0	0	0	0	0	0	0	0	0	0	0	0	0	0	0	0	0	0	0	0	0	0	0	0	0	0	0	0	2	2	2	2	2	3	3	3	3	3	3	3	3	3	3	3	3	3	3
海东市	Haidong	0	0	0	0	0	0	0	0	0	0	0	0	0	0	0	0	0	0	0	0	0	0	0	0	0	0	0	0	0	0	0	0	0	0	0	0	0	0	0	0	0	0	0	0	0	0	0	0	0	0	0	0	0
海口市	Haikou	0	0	0	0	0	0	0	0	0	0	0	0	0	0	0	0	0	0	0	0	0	0	0	0	0	0	0	1	1	2	4	4	5	6	6	8	8	11	15	16	17	17	18	19	20	22	28	29	30	31	33	35	35
海南藏族自治州	Hainan Tibetan Autonomous	0	0	0	0	0	0	0	0	0	0	0	0	0	0	0	0	0	0	0	0	0	0	0	0	0	0	0	0	0	0	0	0	0	0	0	0	0	0	0	0	0	0	0	0	0	0	0	0	0	0	0	0	0
海西蒙古族藏族自治州	Haixi Tibetan Autonomous	0	0	0	0	0	0	0	0	0	0	0	0	0	0	0	0	0	0	0	0	0	0	0	0	0	0	0	0	0	0	0	0	0	0	0	0	0	0	0	0	0	0	0	0	0	0	0	0	0	0	0	0	0
邯郸市	Handan	0	0	0	0	0	0	0	0	0	0	0	0	0	0	0	0	0	0	0	0	0	0	0	0	0	0	0	2	2	2	2	3	3	5	7	9	9	10	10	12	13	17	19	22	26	27	28	29	30	30	31	31	31
汉中市	Hanzhong	0	0	0	0	0	0	0	0	0	0	0	0	0	0	0	0	0	0	0	0	0	0	0	0	0	0	0	0	0	0	0	0	0	0	0	0	0	0	0	0	0	0	0	0	0	0	0	0	0	0	0	0	0
杭州市	Hangzhou	0	0	0	0	0	0	0	0	0	0	0	0	0	0	0	0	0	0	0	0	0	0	2	2	6	7	15	16	22	29	41	48	51	63	69	73	75	81	94	98	108	111	121	123	131	136	139	145	151	159	164	165	170
合肥市	Hefei	0	0	0	0	0	0	0	0	0	0	0	0	0	0	0	0	0	0	1	1	1	1	2	2	5	5	5	7	9	11	11	15	22	28	35	38	43	49	50	71	75	86	97	101	103	119	135	143	146	148	151	155	161
和田地区	Hetian	0	0	0	0	0	0	0	0	0	0	0	0	0	0	0	0	0	0	0	0	0	0	0	0	0	0	0	0	0	0	0	0	0	0	0	0	0	0	0	0	0	0	0	0	0	0	0	0	0	0	0	0	0
河池市	Hechi	0	0	0	0	0	0	0	0	0	0	0	0	0	0	0	0	0	0	0	0	0	0	0	0	0	0	0	0	0	0	0	0	0	0	0	0	0	0	0	0	4	4	4	4	4	5	5	8	8	8	8	10	13
河源市	Heyuan	0	0	0	0	0	0	0	0	0	0	0	0	0	0	0	0	0	0	0	0	0	0	0	0	0	0	0	0	0	0	0	0	0	0	0	0	0	0	0	0	0	0	0	0	0	0	0	0	0	0	0	0	0
菏泽市	Heze	0	0	0	0	0	0	0	0	0	0	0	0	0	0	0	0	0	0	0	0	0	0	0	0	0	0	2	2	2	3	5	6	6	7	7	9	11	13	13	13	13	14	14	15	16	17	17	17	17	17	17	17	18
贺州市	Hezhou	0	0	0	0	0	0	0	0	0	0	0	0	0	0	0	0	0	0	0	0	0	0	0	0	0	0	0	0	0	0	0	0	0	0	0	0	0	0	0	0	0	1	2	2	2	2	4	4	4	4	4	4	4
鹤壁市	Hebi	0	0	0	0	0	0	0	0	0	0	0	0	0	0	0	0	0	0	0	0	0	0	0	0	0	0	0	0	0	0	0	0	0	0	0	0	0	0	0	0	0	0	0	0	0	0	0	0	0	0	0	0	0
鹤岗市	Hegang	0	0	0	0	0	0	0	0	0	0	0	0	0	0	0	0	0	0	0	0	0	0	0	0	0	0	0	0	0	0	1	1	1	1	1	2	2	2	2	2	2	2	2	4	4	4	4	4	4	4	4	4	4
黑河市	Heihe	0	0	0	0	0	0	0	0	0	0	0	0	0	0	0	0	0	0	0	0	0	0	0	0	0	0	0	0	0	0	0	0	0	0	0	0	0	0	0	0	3	3	4	9	9	9	9	9	9	10	11	11	11
衡水市	Hengshui	0	0	0	0	0	0	0	0	0	0	0	0	0	0	0	0	0	0	0	0	0	0	0	0	0	0	0	0	0	0	0	2	2	2	4	4	4	4	6	6	6	6	6	7	8	8	8	8	8	8	8	8	8
衡阳市	Hengyang	0	0	0	0	0	0	0	0	0	0	0	0	0	0	0	0	0	0	0	0	0	0	0	3	4	5	5	8	11	14	14	16	23	23	25	26	28	28	28	29	32	37	37	37	37	38	38	38	38	44	46	46	48
红河哈尼族彝族自治州	Honghe Hani and Yi Autonomous	0	0	0	0	0	0	0	0	0	0	0	0	0	0	0	0	0	0	0	0	0	0	0	0	0	0	0	0	0	0	0	0	0	0	0	0	3	3	3	3	3	3	4	4	4	4	5	5	7	8	8	9	9
呼和浩特市	Hohhot	0	0	0	0	0	0	0	0	0	0	0	0	0	0	0	0	0	0	0	0	0	0	0	0	0	0	0	0	0	0	0	0	0	0	0	0	0	0	0	0	1	2	2	2	2	2	2	2	2	4	4	4	4
呼伦贝尔市	Hulunbuir	0	0	0	0	0	0	0	0	0	0	0	0	0	0	0	0	0	0	0	0	0	1	1	1	1	1	1	1	1	1	1	1	1	1	1	1	1	1	1	1	1	2	2	4	4	4	4	4	4	4	5	5	5
葫芦岛市	Huludao	0	0	0	0	0	0	0	0	0	0	0	0	0	0	0	0	0	0	0	0	0	0	0	0	0	0	0	0	0	0	0	0	0	0	0	0	0	0	0	2	4	5	5	5	5	5	6	6	6	6	7	7	7
湖州市	Huzhou	0	0	0	0	0	0	0	0	0	0	0	0	0	0	0	0	0	0	0	0	0	0	0	0	1	1	1	1	1	1	1	3	4	4	4	4	4	4	5	5	6	6	6	7	7	7	7	7	9	9	9	9	10
怀化市	Huaihua	0	0	0	0	0	0	0	0	0	0	0	0	0	0	0	0	0	0	0	0	0	1	1	1	1	2	6	7	14	15	15	15	21	21	26	28	30	32	34	37	38	38	38	38	38	39	39	40	40	40	40	40	40
淮安市	Huaian	0	0	0	0	0	0	0	0	0	0	0	0	0	0	0	0	0	0	0	0	0	0	1	1	1	1	1	2	2	2	5	5	6	6	6	11	13	21	28	28	32	34	35	38	39	46	46	50	50	55	55	57	57
淮北市	Huaibei	0	0	0	0	0	0	0	0	0	0	0	0	0	0	0	0	0	0	0	0	0	0	0	0	0	0	0	0	0	1	4	5	5	6	6	6	10	10	11	13	13	14	15	15	17	17	17	19	19	19	21	21	21
淮南市	Huainan	0	0	0	0	0	0	0	0	0	0	0	0	0	0	0	0	0	0	0	0	0	0	0	0	0	0	2	2	2	3	4	4	6	6	6	6	7	8	8	11	12	14	14	15	15	18	21	23	24	24	24	25	26
黄冈市	Huanggang	0	0	0	0	0	0	0	0	0	0	0	0	0	0	0	2	2	2	2	5	6	17	27	32	41	52	62	68	105	137	189	279	338	427	504	611	716	838	941	1059	1149	1274	1408	1540	1659	1760	1852	1948	2041	2119	2171	2260	2343
黄南藏族自治州	Huangnan Tibetan Autonomous	0	0	0	0	0	0	0	0	0	0	0	0	0	0	0	0	0	0	0	0	0	0	0	0	0	0	0	0	0	0	0	0	0	0	0	0	0	0	0	0	0	0	0	0	0	0	0	0	0	0	0	0	0
黄山市	Huangshan	0	0	0	0	0	0	0	0	0	0	0	0	0	0	0	0	0	0	0	0	0	0	0	0	0	0	0	0	1	1	1	1	1	1	1	1	1	1	3	3	6	6	6	6	6	6	6	6	6	6	7	7	8
黄石市	Huangshi	0	0	0	0	0	0	0	0	0	0	0	0	0	0	0	0	0	0	0	0	0	0	1	9	10	18	25	31	43	53	67	82	96	113	137	170	192	206	215	262	299	339	391	442	490	534	585	613	653	675	697	729	752
惠州市	Huizhou	0	0	0	0	0	0	0	0	0	0	0	0	0	0	0	0	0	0	0	0	0	0	0	0	0	0	0	0	0	0	0	0	0	0	0	0	0	0	0	0	0	0	0	0	0	0	0	0	0	0	0	0	0
鸡西市	Jixi	0	0	0	0	0	0	0	0	0	0	0	0	0	0	0	0	0	0	0	0	0	0	0	0	0	0	0	0	0	0	1	1	1	1	1	1	1	2	2	3	3	3	5	14	18	20	22	27	29	30	31	32	35
吉安市	Ji'an	0	0	0	0	0	0	0	0	0	0	0	0	0	0	0	0	0	1	1	1	1	1	1	1	1	1	1	1	1	1	2	4	5	5	5	6	8	9	9	10	10	10	10	10	12	12	13	13	15	15	18	18	20
吉林市	Jilin	0	0	0	0	0	0	0	0	0	0	0	0	0	0	0	0	0	0	0	0	0	0	0	0	0	0	1	2	2	2	2	2	2	3	3	3	3	3	3	3	3	4	4	5	5	5	5	5	5	5	5	5	5
济南市	Jinan	0	0	0	0	0	0	0	0	0	0	0	0	0	0	0	0	0	0	0	0	0	0	0	0	0	0	0	3	3	3	7	7	7	7	11	11	11	11	13	16	17	18	22	24	24	24	24	25	25	26	29	32	32
济宁市	Jining	0	0	0	0	0	0	0	0	0	0	0	0	0	0	0	0	0	0	0	0	0	0	1	1	1	3	3	4	7	8	8	8	9	12	14	15	18	18	20	22	27	29	29	31	31	34	35	43	43	45	46	46	81
济源市	Jiyuan	0	0	0	0	0	0	0	0	0	0	0	0	0	0	0	0	0	0	0	0	0	0	0	0	0	0	0	0	0	0	0	0	0	0	0	0	0	0	0	0	0	0	0	0	0	0	0	0	0	0	0	0	0
佳木斯市	Jiamusi	0	0	0	0	0	0	0	0	0	0	0	0	0	0	0	0	0	0	0	0	0	0	0	0	0	0	0	1	1	1	1	5	5	5	5	7	9	11	11	12	14	14	15	15	15	15	15	15	15	15	15	15	15
嘉兴市	Jaxing	0	0	0	0	0	0	0	0	0	0	0	0	0	0	0	0	0	0	0	0	0	0	0	0	0	0	0	1	1	1	3	5	6	6	8	10	11	11	14	15	20	22	22	23	25	28	28	32	32	35	38	41	41
嘉峪关市	Jiayuguan	0	0	0	0	0	0	0	0	0	0	0	0	0	0	0	0	0	0	0	0	0	0	0	0	0	0	0	0	0	0	0	0	0	0	0	0	0	0	0	0	0	0	0	0	0	0	-1	0	0	0	0	0	0
江门市	Jiangmen	0	0	0	0	0	0	0	0	0	0	0	0	0	0	0	0	0	0	0	0	0	0	0	0	0	0	0	0	0	0	0	0	0	0	0	0	0	0	0	0	0	0	0	0	0	0	0	0	0	0	0	0	0
焦作市	Jiaozuo	0	0	0	0	0	0	0	0	0	0	0	0	0	0	0	0	0	0	0	0	0	0	0	0	0	0	0	0	0	0	0	0	0	0	0	0	0	0	0	0	0	0	0	0	0	0	0	0	0	0	0	0	0
揭阳市	Jieyang	0	0	0	0	0	0	0	0	0	0	0	0	0	0	0	0	0	0	0	0	0	0	0	0	0	0	0	0	0	0	0	0	0	0	0	0	0	0	0	0	0	0	0	0	0	0	0	0	0	0	0	0	0
金昌市	Jinchang	0	0	0	0	0	0	0	0	0	0	0	0	0	0	0	0	0	0	0	0	0	0	0	0	0	0	0	0	0	0	1	1	1	1	1	1	1	1	1	1	1	1	1	1	0	0	-1	0	0	0	0	1	1
金华市	Jinhua	0	0	0	0	0	0	0	0	0	0	0	0	0	0	0	0	0	0	0	0	0	3	3	6	6	6	8	9	9	13	15	16	19	23	24	24	24	24	30	30	33	36	37	39	39	39	39	43	50	51	51	52	54
锦州市	Jinzhou	0	0	0	0	0	0	0	0	0	0	0	0	0	0	0	0	0	0	0	0	0	0	0	0	0	0	0	0	1	1	1	1	1	1	1	6	7	7	7	7	7	8	8	9	9	9	11	11	11	11	11	11	11
晋城市	Jincheng	0	0	0	0	0	0	0	0	0	0	0	0	0	0	0	0	0	0	0	0	0	0	0	0	0	0	0	0	0	2	2	2	2	2	2	2	2	2	2	2	3	3	4	5	5	5	5	7	7	8	8	8	9
晋中市	Jinzhon	0	0	0	0	0	0	0	0	0	0	0	0	0	0	0	0	0	0	0	0	0	0	0	0	0	2	2	5	5	6	8	8	8	8	11	11	12	13	15	15	18	21	21	22	23	23	25	25	26	27	28	29	29
荆门市	Jingmen	0	0	0	0	0	0	0	0	0	0	0	0	0	0	0	0	0	0	0	0	0	1	3	6	6	16	21	24	36	48	63	69	81	92	105	112	117	132	143	181	201	229	296	361	389	432	469	508	534	563	604	622	650
荆州市	Jingzhou	0	0	0	0	0	0	0	0	0	0	0	0	0	0	0	0	0	0	0	0	0	1	1	3	6	9	18	22	29	33	45	55	79	101	158	192	263	305	339	409	451	531	612	681	734	776	822	867	913	965	1034	1096	1144
景德镇市	Jingdezhen	0	0	0	0	0	0	0	0	0	0	0	0	0	0	0	0	0	0	0	0	1	1	1	1	1	1	1	1	1	1	1	1	1	1	1	1	1	3	3	3	3	3	3	3	3	3	3	3	3	3	3	4	5
九江市	Jiujiang	0	0	0	0	0	0	0	0	0	0	0	0	0	0	0	0	0	0	0	0	0	0	0	2	2	2	3	4	4	6	7	13	14	14	16	18	22	22	30	33	44	47	47	51	57	62	71	80	91	94	94	97	98
酒泉市	Jiuquan	0	0	0	0	0	0	0	0	0	0	0	0	0	0	0	0	0	0	0	0	0	0	0	0	0	0	0	0	0	0	0	0	0	0	0	0	0	0	0	0	0	0	0	0	0	0	-1	0	0	0	0	0	0
喀什地区	Kashgar	0	0	0	0	0	0	0	0	0	0	0	0	0	0	0	0	0	0	0	0	0	0	0	0	0	0	0	0	0	0	0	0	0	0	0	0	0	0	0	0	0	0	0	0	0	0	0	0	0	0	0	0	0
开封市	Kaifeng	0	0	0	0	0	0	0	0	0	0	0	0	0	0	0	0	0	0	0	0	0	0	0	0	0	0	0	0	0	0	0	0	0	0	0	0	0	0	0	0	0	0	0	0	0	0	0	0	0	0	0	0	0
克拉玛依市	Karamay	0	0	0	0	0	0	0	0	0	0	0	0	0	0	0	0	0	0	0	0	0	0	0	0	0	0	0	0	0	0	0	0	0	0	0	0	0	0	0	0	0	0	0	0	0	0	0	0	0	0	0	0	0
克孜勒苏柯尔克孜自治州	Kizilsu Kirghiz	0	0	0	0	0	0	0	0	0	0	0	0	0	0	0	0	0	0	0	0	0	0	0	0	0	0	0	0	0	0	0	0	0	0	0	0	0	0	0	0	0	0	0	0	0	0	0	0	0	0	0	0	0
昆明市	Kunming	0	0	0	0	0	0	0	0	0	0	0	0	0	0	0	0	0	0	0	0	0	0	0	0	0	0	0	0	0	0	0	0	0	0	0	0	8	8	11	13	15	24	32	32	32	36	36	48	48	48	48	48	52
拉萨市	Lhasa	0	0	0	0	0	0	0	0	0	0	0	0	0	0	0	0	0	0	0	0	0	0	0	0	0	0	0	0	0	0	0	0	1	1	1	1	1	1	1	1	1	1	1	1	1	1	1	1	1	1	1	1	1
来宾市	Laibin	0	0	0	0	0	0	0	0	0	0	0	0	0	0	0	0	0	0	0	0	0	0	0	0	0	0	0	0	0	0	0	0	0	0	0	0	0	0	0	0	0	0	0	0	0	0	0	2	3	4	4	4	4
莱芜市	Laiwu	0	0	0	0	0	0	0	0	0	0	0	0	0	0	0	0	0	0	0	0	0	0	0	0	0	0	0	0	0	0	0	0	0	0	0	0	0	0	0	0	0	0	0	0	0	0	0	0	0	0	0	0	0
兰州市	Lanzhou	0	0	0	0	0	0	0	0	0	0	0	0	0	0	0	0	0	0	0	0	0	0	0	2	2	3	3	5	5	8	10	10	10	10	10	10	10	10	10	10	10	10	10	10	10	10	9	10	10	10	10	32	33
廊坊市	Langfang	0	0	0	0	0	0	0	0	0	0	0	0	0	0	0	0	0	0	0	0	0	0	1	1	1	1	1	4	4	4	5	5	8	8	12	12	14	14	16	18	20	21	22	25	27	28	28	30	30	30	30	30	30
乐东黎族自治县	Ledong Li Autonomous	0	0	0	0	0	0	0	0	0	0	0	0	0	0	0	0	0	0	0	0	0	0	0	0	0	0	0	0	0	0	0	0	0	0	0	0	0	0	0	0	0	2	2	2	2	2	2	2	2	2	2	2	2
乐山市	Leshan	0	0	0	0	0	0	0	0	0	0	0	0	0	0	0	0	0	0	0	0	0	0	0	0	0	0	0	0	0	0	0	0	0	0	2	2	2	2	2	2	2	2	2	2	2	3	3	3	3	3	3	3	3
丽江市	Lijiang	0	0	0	0	0	0	0	0	0	0	0	0	0	0	0	0	0	0	0	0	0	0	0	0	0	0	0	0	0	0	0	0	0	0	0	0	5	5	5	7	7	7	7	7	7	7	7	7	7	7	7	7	7
丽水市	Lishui	0	0	0	0	0	0	0	0	0	0	0	0	0	0	0	0	0	0	0	1	1	1	1	1	1	1	1	3	3	5	5	5	7	9	9	10	10	11	11	11	14	14	14	14	14	14	14	14	17	17	17	17	17
连云港市	Lianyungang	0	0	0	0	0	0	0	0	0	0	0	0	0	0	0	0	0	0	0	0	0	1	1	1	1	1	1	2	2	2	4	4	5	5	6	10	12	13	14	17	18	18	22	22	24	25	27	33	35	35	37	37	41
凉山彝族自治州	Liangshan Yi Autonomous	0	0	0	0	0	0	0	0	0	0	0	0	0	0	0	0	0	0	0	0	0	0	0	0	0	0	0	0	0	0	1	1	1	1	3	4	5	5	5	5	5	6	6	8	8	8	9	9	9	10	10	10	12
辽阳市	Liaoyang	0	0	0	0	0	0	0	0	0	0	0	0	0	0	0	0	0	0	0	1	0	0	0	0	0	0	0	0	0	0	0	0	0	1	1	1	2	2	2	3	3	3	3	3	3	3	3	3	3	3	3	3	3
辽源市	Liaoyuan	0	0	0	0	0	0	0	0	0	0	0	0	0	0	0	0	0	0	0	0	0	0	0	0	0	0	0	0	0	0	0	0	0	1	1	1	1	1	1	1	1	1	1	1	1	1	2	2	2	4	4	7	8
聊城市	Liaocheng	0	0	0	0	0	0	0	0	0	0	0	0	0	0	0	0	0	0	0	0	0	0	0	0	0	0	0	0	1	2	2	2	2	3	3	3	10	11	12	18	18	21	22	22	24	25	28	30	32	33	34	38	38
林芝市	Linzhi	0	0	0	0	0	0	0	0	0	0	0	0	0	0	0	0	0	0	0	0	0	0	0	0	0	0	0	0	0	0	0	0	0	0	0	0	0	0	0	0	0	0	0	0	0	0	0	0	0	0	0	0	0
临沧市	Lincang	0	0	0	0	0	0	0	0	0	0	0	0	0	0	0	0	0	0	0	0	0	0	0	0	0	0	0	0	0	0	0	0	0	0	0	0	1	1	1	1	1	1	1	1	1	1	1	1	1	1	1	1	1
临汾市	Linfen	0	0	0	0	0	0	0	0	0	0	0	0	0	0	0	0	0	0	0	0	0	0	0	0	0	0	1	1	1	1	1	1	1	1	1	1	1	1	1	1	1	1	1	1	1	2	2	2	2	2	2	2	2
临高县	Lingao	0	0	0	0	0	0	0	0	0	0	0	0	0	0	0	0	0	0	0	0	0	0	0	0	0	0	0	0	0	0	1	1	1	2	2	3	3	3	4	4	4	4	4	4	5	5	6	6	6	6	6	6	6
临夏回族自治州	Linxia Hui Autonomous	0	0	0	0	0	0	0	0	0	0	0	0	0	0	0	0	0	0	0	0	0	0	0	0	0	0	2	2	2	2	2	2	2	2	2	2	2	2	2	2	2	2	2	2	2	2	1	2	2	2	2	3	3
临沂市	Linyi	0	0	0	0	0	0	0	0	0	0	0	0	0	0	0	0	0	0	0	0	0	0	0	0	1	1	1	3	3	4	6	9	10	12	13	25	29	32	35	37	41	43	44	44	44	44	45	45	45	45	46	47	47
陵水黎族自治县	Lingshui Li Autonomous	0	0	0	0	0	0	0	0	0	0	0	0	0	0	0	0	0	0	0	0	0	0	0	0	0	0	0	0	0	0	0	0	0	0	0	0	0	0	0	1	1	1	1	3	3	3	3	3	3	3	3	3	3
柳州市	Liuzhou	0	0	0	0	0	0	0	0	0	0	0	0	0	0	0	0	0	0	0	0	0	0	0	0	0	1	3	3	3	3	3	6	6	7	7	7	8	8	8	8	10	11	11	11	12	12	12	15	15	15	16	16	17
六安市	Lu'an	0	0	0	0	0	0	0	0	0	0	0	0	0	0	0	0	0	0	0	0	1	1	1	1	1	1	1	1	1	2	2	3	3	3	3	8	15	16	21	23	30	35	39	43	44	45	46	48	53	55	57	58	63
六盘水市	Liupanshui	0	0	0	0	0	0	0	0	0	0	0	0	0	0	0	0	0	0	0	0	0	0	0	0	0	0	0	0	0	0	0	0	1	1	3	3	3	3	6	6	6	6	6	7	8	8	8	8	8	8	8	8	8
龙岩市	Longyan	0	0	0	0	0	0	0	0	0	0	0	0	0	0	0	0	0	0	0	0	0	0	0	0	0	0	0	0	0	0	0	0	0	0	0	0	0	0	0	0	0	0	0	0	0	0	0	0	0	0	0	0	0
陇南市	Longnan	0	0	0	0	0	0	0	0	0	0	0	0	0	0	0	0	0	0	0	0	0	0	0	0	0	0	0	0	0	0	0	0	0	0	0	0	0	0	0	0	0	0	0	0	0	0	-1	0	0	0	0	4	4
娄底市	Loudi	0	0	0	0	0	0	0	0	0	0	0	0	0	0	0	0	0	0	0	0	0	0	1	1	2	3	3	4	4	8	8	12	18	22	25	29	34	35	35	47	51	54	55	55	56	57	58	59	61	61	63	63	67
泸州市	Luzhou	0	0	0	0	0	0	0	0	0	0	0	0	0	0	0	0	0	0	0	0	0	0	0	0	0	0	0	0	0	2	2	2	2	2	2	2	2	3	3	3	5	6	6	6	8	10	12	17	20	20	20	20	20
洛阳市	Luoyang	0	0	0	0	0	0	0	0	0	0	0	0	0	0	0	0	0	0	0	0	0	0	0	0	0	0	0	0	0	0	0	0	0	0	0	0	0	0	0	0	0	0	0	0	0	0	0	0	0	0	0	0	0
漯河市	Luohe	0	0	0	0	0	0	0	0	0	0	0	0	0	0	0	0	0	0	0	0	0	0	0	0	0	0	0	0	0	0	0	0	0	0	0	0	0	0	0	0	0	0	0	0	0	0	0	0	0	0	0	0	0
吕梁市	Lvliang	0	0	0	0	0	0	0	0	0	0	0	0	0	0	0	0	0	0	0	0	0	0	0	0	0	0	1	3	3	3	3	3	5	5	5	5	6	6	6	6	6	6	6	6	6	6	6	6	6	6	6	6	6
马鞍山市	Ma'anshan	0	0	0	0	0	0	0	0	0	0	0	0	0	0	0	0	0	0	0	0	0	0	0	0	0	0	0	0	0	2	2	2	4	6	8	9	10	10	12	14	15	15	17	19	19	20	21	25	25	30	33	33	34
茂名市	Maoming	0	0	0	0	0	0	0	0	0	0	0	0	0	0	0	0	0	0	0	0	0	0	0	0	0	0	0	0	0	0	0	0	0	0	0	0	0	0	0	0	0	0	0	0	0	0	0	0	0	0	0	0	0
眉山市	Meishan	0	0	0	0	0	0	0	0	0	0	0	0	0	0	0	0	0	0	0	0	0	0	0	0	0	1	1	1	1	1	1	1	1	1	2	2	2	2	2	2	3	3	6	6	6	6	6	6	6	6	7	7	7
梅州市	Meizhou	0	0	0	0	0	0	0	0	0	0	0	0	0	0	0	0	0	0	0	0	0	0	0	0	0	0	0	0	0	0	0	0	0	0	0	0	0	0	0	0	0	0	0	0	0	0	0	0	0	0	0	0	0
绵阳市	Mianyang	0	0	0	0	0	0	0	0	0	0	0	0	0	0	0	0	0	0	0	0	0	0	0	1	1	2	2	2	2	3	4	4	4	4	5	5	6	6	9	10	10	10	12	12	12	12	14	14	14	15	15	16	16
牡丹江市	Mudanjiang	0	0	0	0	0	0	0	0	0	0	0	0	0	0	0	0	0	0	0	0	0	0	0	0	0	0	0	0	0	1	1	1	1	1	1	1	1	1	1	1	1	1	2	6	7	8	8	9	9	9	9	9	9
那曲市	Nagchu	0	0	0	0	0	0	0	0	0	0	0	0	0	0	0	0	0	0	0	0	0	0	0	0	0	0	0	0	0	0	0	0	0	0	0	0	0	0	0	0	0	0	0	0	0	0	0	0	0	0	0	0	0
南昌市	Nanchang	0	0	0	0	0	0	0	0	0	0	0	0	0	0	0	0	0	0	0	0	1	1	1	4	4	7	10	14	20	27	35	46	53	61	68	73	76	90	96	115	134	146	163	179	182	184	187	194	199	203	208	213	217
南充市	Nanchong	0	0	0	0	0	0	0	0	0	0	0	0	0	0	0	0	0	0	0	0	0	0	0	0	0	0	2	2	2	2	3	4	4	5	6	7	9	9	12	13	14	15	18	20	22	22	23	23	23	23	24	28	29
南京市	Nanjing	0	0	0	0	0	0	0	0	0	0	0	0	0	0	0	0	0	0	0	0	0	2	2	2	2	4	11	13	15	20	22	22	22	24	26	27	29	32	32	35	38	47	52	52	52	57	58	58	58	58	58	63	68
南宁市	Nanning	0	0	0	0	0	0	0	0	0	0	0	0	0	0	0	0	0	0	0	0	0	0	0	0	0	0	0	2	2	2	2	8	9	10	10	11	11	14	16	18	23	24	25	28	29	34	36	42	44	46	50	52	54
南平市	Nanping	0	0	0	0	0	0	0	0	0	0	0	0	0	0	0	0	0	0	0	0	0	0	0	0	0	0	0	0	0	0	0	0	0	0	0	0	0	0	0	0	0	0	0	0	0	0	0	0	0	0	0	0	0
南通市	Nantong	0	0	0	0	0	0	0	0	0	0	0	0	0	0	0	0	0	0	0	0	0	0	0	0	0	0	0	2	2	2	2	5	5	10	10	13	15	16	19	21	23	23	28	32	33	34	35	37	37	37	37	37	40
南阳市	Nanyang	0	0	0	0	0	0	0	0	0	0	0	0	0	0	0	0	0	0	0	0	0	0	0	0	0	0	0	0	0	0	0	0	0	0	0	0	0	0	0	0	0	0	0	0	0	0	0	0	0	0	0	0	0
内江市	Neijiang	0	0	0	0	0	0	0	0	0	0	0	0	0	0	0	0	0	0	0	0	0	0	0	0	0	0	0	0	1	2	2	2	2	3	3	5	5	5	6	6	6	10	10	10	11	13	13	15	18	18	18	18	18
宁波市	Ningbo	0	0	0	0	0	0	0	0	0	0	0	0	0	0	0	0	0	0	0	0	0	1	1	1	1	4	6	9	12	13	15	18	24	31	35	46	53	62	68	73	91	101	106	109	114	121	122	134	138	145	148	149	151
宁德市	Ningde	0	0	0	0	0	0	0	0	0	0	0	0	0	0	0	0	0	0	0	0	0	0	0	0	0	0	0	0	0	0	0	0	0	0	0	0	0	0	0	0	0	0	0	0	0	0	0	0	0	0	0	0	0
怒江傈僳族自治州	Nujiang Lisu Autonomous	0	0	0	0	0	0	0	0	0	0	0	0	0	0	0	0	0	0	0	0	0	0	0	0	0	0	0	0	0	0	0	0	0	0	0	0	0	0	0	0	0	0	0	0	0	0	0	0	0	0	0	0	0
攀枝花市	Panzhihua	0	0	0	0	0	0	0	0	0	0	0	0	0	0	0	0	0	0	0	0	0	0	0	0	0	0	0	0	1	1	5	5	8	8	9	9	10	10	11	11	11	11	13	16	16	16	16	16	16	16	16	16	16
盘锦市	Panjin	0	0	0	0	0	0	0	0	0	0	0	0	0	0	0	0	0	0	0	0	0	0	0	0	0	0	0	0	0	0	0	0	0	0	0	0	0	2	4	4	4	5	5	5	7	9	9	10	11	11	11	11	11
平顶山市	Pingdingshan	0	0	0	0	0	0	0	0	0	0	0	0	0	0	0	0	0	0	0	0	0	0	0	0	0	0	0	0	0	0	0	0	0	0	0	0	0	0	0	0	0	0	0	0	0	0	0	0	0	0	0	0	0
平凉市	Pingliang	0	0	0	0	0	0	0	0	0	0	0	0	0	0	0	0	0	0	0	0	0	0	0	0	0	0	0	0	0	0	0	0	0	0	0	0	0	0	0	0	0	0	0	0	0	0	-1	0	0	0	0	8	8
萍乡市	Pingxiang	0	0	0	0	0	0	0	0	0	0	0	0	0	0	0	0	0	1	1	1	1	1	1	1	1	1	1	1	1	1	1	1	2	2	2	4	4	5	6	7	9	11	11	13	16	16	18	20	23	24	25	25	25
莆田市	Putian	0	0	0	0	0	0	0	0	0	0	0	0	0	0	0	0	0	0	0	0	0	0	0	0	0	0	0	0	0	0	0	0	0	0	0	0	0	0	0	0	0	0	0	0	0	0	0	0	0	0	0	0	0
濮阳市	Puyang	0	0	0	0	0	0	0	0	0	0	0	0	0	0	0	0	0	0	0	0	0	0	0	0	0	0	0	0	0	0	0	0	0	0	0	0	0	0	0	0	0	0	0	0	0	0	0	0	0	0	0	0	0
普洱市	Puer	0	0	0	0	0	0	0	0	0	0	0	0	0	0	0	0	0	0	0	0	0	0	0	0	0	0	0	0	0	0	0	0	0	0	0	0	1	1	1	3	3	3	4	4	4	4	4	4	4	4	4	4	4
七台河市	Qitaihe	0	0	0	0	0	0	0	0	0	0	0	0	0	0	0	0	0	0	0	0	0	0	0	0	0	0	0	0	0	0	0	0	0	0	1	1	4	4	4	6	6	6	6	9	10	10	11	12	13	13	13	13	13
齐齐哈尔市	Qiqihar	0	0	0	0	0	0	0	0	0	0	0	0	0	0	0	0	0	0	0	0	0	0	0	0	0	0	0	0	0	0	0	0	1	4	8	8	8	10	10	10	11	16	22	23	24	26	26	28	33	33	33	33	35
潜江市	Qianjiang	0	0	0	0	0	0	0	0	0	0	0	0	0	0	0	0	0	0	0	0	0	0	0	0	0	0	0	0	1	2	3	3	8	8	11	12	12	18	27	40	49	57	67	78	82	91	94	97	99	107	119	122	128
黔东南苗族侗族自治州	Qiandongnan Buyei and Miao Autonomous	0	0	0	0	0	0	0	0	0	0	0	0	0	0	0	0	0	0	0	0	0	0	0	0	0	0	0	0	0	0	0	0	1	2	2	3	3	4	4	4	4	5	8	8	9	10	10	10	10	10	10	10	10
黔南布依族苗族自治州	Qiannan Buyei and Miao Autonomous	0	0	0	0	0	0	0	0	0	0	0	0	0	0	0	0	0	0	0	0	0	0	0	0	0	3	3	3	3	3	3	3	3	5	7	7	7	8	9	9	9	9	14	14	15	15	15	17	17	17	17	17	17
黔西南布依族苗族自治州	Qianxinan Buyei and Miao Autonomous	0	0	0	0	0	0	0	0	0	0	0	0	0	0	0	0	0	0	0	0	0	0	0	0	0	0	0	0	0	0	0	0	1	1	1	2	2	2	2	2	2	2	2	2	2	2	2	2	2	2	2	2	2
钦州市	Qinzhou	0	0	0	0	0	0	0	0	0	0	0	0	0	0	0	0	0	0	0	0	0	0	0	0	0	0	0	0	0	0	0	0	0	0	0	1	1	1	1	1	1	6	6	6	7	7	7	7	7	7	7	7	8
秦皇岛市	Qinhuangdao	0	0	0	0	0	0	0	0	0	0	0	0	0	0	0	0	0	0	0	0	0	0	0	0	0	0	0	0	0	0	0	0	0	1	2	2	3	3	3	4	4	5	6	6	8	8	8	8	9	9	9	9	9
青岛市	Qingdao	0	0	0	0	0	0	0	0	0	0	0	0	0	0	0	0	0	0	0	1	1	1	1	1	1	3	3	4	5	7	10	11	12	13	15	19	22	26	26	28	29	33	34	34	36	38	39	42	45	48	51	57	58
清远市	Qingyuan	0	0	0	0	0	0	0	0	0	0	0	0	0	0	0	0	0	0	0	0	0	0	0	0	0	0	0	0	0	0	0	0	0	0	0	0	0	0	0	0	0	0	0	0	0	0	0	0	0	0	0	0	0
庆阳市	Qingyang	0	0	0	0	0	0	0	0	0	0	0	0	0	0	0	0	0	0	0	0	0	0	0	0	0	0	0	0	0	0	0	0	0	0	0	0	0	0	0	0	0	0	0	0	0	0	-1	0	0	0	0	2	2
琼海市	Qionghai	0	0	0	0	0	0	0	0	0	0	0	0	0	0	0	0	0	0	0	0	0	0	0	0	0	0	0	0	0	0	0	0	0	0	0	1	1	3	3	4	4	4	4	4	4	4	4	4	4	5	5	5	5
琼中黎族苗族自治县	Qiongzhong	0	0	0	0	0	0	0	0	0	0	0	0	0	0	0	0	0	0	0	0	0	0	0	0	0	0	0	0	0	1	1	1	1	1	1	1	1	1	1	1	1	1	1	1	1	1	1	1	1	1	1	1	1
衢州市	Quzhou	0	0	0	0	0	0	0	0	0	0	0	0	0	0	0	0	0	0	0	0	0	0	0	0	0	0	2	2	3	3	3	5	5	5	8	8	9	9	10	10	10	10	10	10	10	10	14	14	16	17	17	17	27
曲靖市	Qujing	0	0	0	0	0	0	0	0	0	0	0	0	0	0	0	0	0	0	0	0	0	0	0	0	0	0	0	0	0	0	0	0	0	0	0	0	5	5	6	6	6	6	8	8	9	9	10	10	12	12	12	12	12
泉州市	Quanzhou	0	0	0	0	0	0	0	0	0	0	0	0	0	0	0	0	0	0	0	0	0	0	0	0	0	0	0	0	0	0	0	0	0	0	0	0	0	0	0	0	0	0	0	0	0	0	0	0	0	0	0	0	0
日喀则市	Rikaze	0	0	0	0	0	0	0	0	0	0	0	0	0	0	0	0	0	0	0	0	0	0	0	0	0	0	0	0	0	0	0	0	0	0	0	0	0	0	0	0	0	0	0	0	0	0	0	0	0	0	0	0	0
日照市	Rizhao	0	0	0	0	0	0	0	0	0	0	0	0	0	0	0	0	0	0	0	0	0	0	0	0	0	0	0	2	2	2	2	2	2	2	2	2	3	3	4	6	7	8	9	10	11	11	11	12	12	12	14	15	15
三门峡市	Sanmenxia	0	0	0	0	0	0	0	0	0	0	0	0	0	0	0	0	0	0	0	0	0	0	0	0	0	0	0	0	0	0	0	0	0	0	0	0	0	0	0	0	0	0	0	0	0	0	0	0	0	0	0	0	0
三明市	Sanming	0	0	0	0	0	0	0	0	0	0	0	0	0	0	0	0	0	0	0	0	0	0	0	0	0	0	0	0	0	0	0	0	0	0	0	0	0	0	0	0	0	0	0	0	0	0	0	0	0	0	0	0	0
三沙市	Sansha	0	0	0	0	0	0	0	0	0	0	0	0	0	0	0	0	0	0	0	0	0	0	0	0	0	0	0	0	0	0	0	0	0	0	0	0	0	0	0	0	0	0	0	0	0	0	0	0	0	0	0	0	0
三亚市	Sanya	0	0	0	0	0	0	0	0	0	0	0	0	0	0	0	0	0	0	0	1	1	1	1	4	4	5	6	7	7	11	12	12	12	12	15	16	16	16	16	23	23	26	31	34	34	40	41	45	45	45	52	52	52
厦门市	Xiamen	0	0	0	0	0	0	0	0	0	0	0	0	0	0	0	0	0	0	0	0	0	0	0	0	0	0	0	0	0	0	0	0	0	0	0	0	0	0	0	0	0	0	0	0	0	0	0	0	0	0	0	0	0
山南市	Shannan	0	0	0	0	0	0	0	0	0	0	0	0	0	0	0	0	0	0	0	0	0	0	0	0	0	0	0	0	0	0	0	0	0	0	0	0	0	0	0	0	0	0	0	0	0	0	0	0	0	0	0	0	0
汕头市	Shantou	0	0	0	0	0	0	0	0	0	0	0	0	0	0	0	0	0	0	0	0	0	0	0	0	0	0	0	0	0	0	0	0	0	0	0	0	0	0	0	0	0	0	0	0	0	0	0	0	0	0	0	0	0
汕尾市	Shanwei	0	0	0	0	0	0	0	0	0	0	0	0	0	0	0	0	0	0	0	0	0	0	0	0	0	0	0	0	0	0	0	0	0	0	0	0	0	0	0	0	0	0	0	0	0	0	0	0	0	0	0	0	0
商洛市	Shangluo	0	0	0	0	0	0	0	0	0	0	0	0	0	0	0	0	0	0	0	0	0	0	0	0	0	0	0	0	0	0	0	0	0	0	0	0	0	0	0	0	0	0	0	0	0	0	0	0	0	0	0	0	0
商丘市	Shangqiu	0	0	0	0	0	0	0	0	0	0	0	0	0	0	0	0	0	0	0	0	0	0	0	0	0	0	0	0	0	0	0	0	0	0	0	0	0	0	0	0	0	0	0	0	0	0	0	0	0	0	0	0	0
上海市	Shanghai	0	0	0	0	0	0	0	0	0	0	0	0	0	0	1	1	1	3	4	5	5	9	10	10	10	12	15	25	30	41	44	48	53	57	62	90	124	140	161	177	186	199	211	227	249	261	268	272	276	279	287	290	292
上饶市	Shangrao	0	0	0	0	0	0	0	0	0	0	0	0	0	0	0	0	0	0	0	0	1	1	1	4	4	5	5	5	5	7	12	13	15	17	18	20	31	35	39	47	55	64	75	88	90	97	101	101	109	111	111	116	120
韶关市	Shaoguan	0	0	0	0	0	0	0	0	0	0	0	0	0	0	0	0	0	0	0	0	0	0	0	0	0	0	0	0	0	0	0	0	0	0	0	0	0	0	0	0	0	0	0	0	0	0	0	0	0	0	0	0	0
邵阳市	Shaoyang	0	0	0	0	0	0	0	0	0	0	0	0	0	0	0	0	0	0	0	0	0	0	1	1	1	2	3	9	11	18	21	22	25	33	41	50	59	64	67	70	71	78	80	86	88	88	90	90	92	95	95	99	100
绍兴市	Shaoxing	0	0	0	0	0	0	0	0	0	0	0	0	0	0	0	0	0	0	0	0	0	0	1	2	3	3	3	3	5	8	8	12	13	15	16	17	17	18	19	20	20	20	21	27	30	30	30	31	36	36	36	37	38
深圳市	Shenzhen	0	0	0	0	0	0	0	0	0	0	0	0	0	0	0	0	0	0	0	0	0	0	0	0	0	0	0	0	0	0	0	0	0	0	0	0	0	0	0	0	0	0	0	0	0	0	0	0	0	0	0	0	0
神农架林区	Shennongjia Forestry District	0	0	0	0	0	0	0	0	0	0	0	0	0	0	0	0	0	0	0	0	2	2	2	2	2	2	2	2	2	2	6	6	7	8	8	8	8	8	10	10	10	10	10	10	10	10	10	10	10	10	11	11	11
沈阳市	Shenyang	0	0	0	0	0	0	0	0	0	0	0	0	0	0	0	0	0	0	0	0	0	0	0	0	0	0	1	1	2	3	5	5	7	7	7	9	9	11	11	11	11	11	15	16	18	20	22	23	23	24	25	25	25
十堰市	Shiyan	0	0	0	0	0	0	0	0	0	0	0	0	0	0	0	0	0	0	0	0	0	0	0	2	6	9	14	24	33	40	46	59	70	81	89	100	116	126	144	164	187	209	239	267	293	315	348	372	389	421	441	459	491
石河子市	Shihezi	0	0	0	0	0	0	0	0	0	0	0	0	0	0	0	0	0	0	0	0	0	0	0	0	0	0	0	0	0	0	0	0	0	0	0	0	1	1	1	1	1	1	1	1	1	1	1	1	1	2	2	2	3
石家庄市	Shijiazhuang	0	0	0	0	0	0	0	0	0	0	0	0	0	0	0	0	0	0	0	0	0	0	0	0	0	1	2	3	3	3	3	3	3	3	4	7	7	7	11	11	13	14	15	19	21	22	22	22	24	24	27	27	28
石嘴山市	Shizuishan	0	0	0	0	0	0	0	0	0	0	0	0	0	0	0	0	0	0	0	0	0	0	0	0	0	0	0	0	0	0	0	0	1	1	1	1	1	1	1	1	1	1	1	1	1	1	1	1	1	1	1	1	1
双鸭山市	Shuangyashan	0	0	0	0	0	0	0	0	0	0	0	0	0	0	0	0	0	0	0	0	0	0	0	0	0	0	1	1	1	1	1	1	1	1	1	1	1	1	4	4	8	11	16	19	20	20	24	29	29	32	36	37	39
朔州市	Shuozhou	0	0	0	0	0	0	0	0	0	0	0	0	0	0	0	0	0	0	0	0	0	0	0	0	0	0	0	1	1	1	1	2	2	2	2	2	2	2	2	3	3	3	3	3	5	6	6	6	6	7	8	8	8
四平市	Siping	0	0	0	0	0	0	0	0	0	0	0	0	0	0	0	0	0	0	0	0	0	0	0	0	0	0	0	1	1	1	1	2	2	4	4	4	6	6	6	6	9	10	11	12	12	12	13	15	16	16	16	16	19
松原市	Songyuan	0	0	0	0	0	0	0	0	0	0	0	0	0	0	0	0	0	0	0	0	0	0	0	0	0	0	0	0	0	1	1	1	1	1	1	1	1	1	1	1	2	2	2	2	2	2	2	2	2	2	2	2	2
苏州市	Suzhou	0	0	0	0	0	0	0	0	0	0	0	0	0	0	1	1	1	1	1	1	2	2	2	3	3	3	4	4	4	4	11	13	13	16	17	17	26	26	31	31	33	38	42	49	50	57	57	59	59	62	64	64	67
绥化市	Suihua	0	0	0	0	0	0	0	0	0	0	0	0	0	0	0	0	0	0	0	0	0	0	0	0	0	0	0	0	1	1	1	3	3	3	3	7	12	13	14	16	18	20	26	29	29	29	35	35	35	35	35	35	35
随州市	Suizhou	0	0	0	0	0	0	0	0	0	0	0	0	0	0	0	0	0	0	0	0	0	0	3	3	3	9	9	9	23	23	23	26	51	62	72	96	113	140	198	254	308	386	443	498	551	601	652	693	740	797	835	865	893
遂宁市	Suining	0	0	0	0	0	0	0	0	0	0	0	0	0	0	0	0	0	0	0	0	0	0	0	0	1	1	1	2	2	2	2	2	2	4	4	4	4	4	9	9	10	10	10	10	10	10	10	13	15	15	15	15	15
塔城地区	Tarbagatay 	0	0	0	0	0	0	0	0	0	0	0	0	0	0	0	0	0	0	0	0	0	0	0	0	0	0	0	0	0	0	0	0	0	0	1	1	1	1	1	1	1	1	1	1	1	2	2	2	2	3	3	3	3
台湾省	Taiwan	0	0	0	0	0	0	0	0	0	0	0	0	0	0	0	0	0	0	0	0	0	0	0	0	0	0	0	1	1	1	1	1	1	1	1	1	2	2	2	2	2	2	2	2	5	5	5	5	6	9	9	12	12
台州市	Taizhou	0	0	0	0	0	0	0	0	0	0	0	0	0	0	0	0	0	0	0	0	0	1	4	7	11	11	14	14	17	25	27	35	38	46	49	53	60	63	64	69	74	77	84	92	98	98	98	101	103	106	107	108	112
太原市	Taiyuan	0	0	0	0	0	0	0	0	0	0	0	0	0	0	0	0	0	0	0	1	1	1	1	1	1	1	1	1	1	1	3	3	3	3	3	3	6	6	6	8	10	12	12	12	12	14	14	16	18	19	19	20	20
太子山天然林保护区	Taizishan	0	0	0	0	0	0	0	0	0	0	0	0	0	0	0	0	0	0	0	0	0	0	0	0	0	0	0	0	0	0	0	0	0	0	0	0	0	0	0	0	0	0	0	0	0	0	-1	0	0	0	0	0	0
泰安市	Taian	0	0	0	0	0	0	0	0	0	0	0	0	0	0	0	0	0	0	0	0	0	0	0	1	1	1	1	1	1	1	1	1	1	4	4	4	5	5	6	6	9	12	18	21	21	22	22	23	24	26	30	33	33
泰州市	Taizhou	0	0	0	0	0	0	0	0	0	0	0	0	0	0	0	0	0	0	0	0	0	0	0	0	0	1	1	3	3	4	5	5	6	15	15	16	16	20	21	22	24	24	25	25	26	28	28	32	37	37	37	37	37
唐山市	Tangshan	0	0	0	0	0	0	0	0	0	0	0	0	0	0	0	0	0	0	0	0	0	0	0	0	0	0	0	0	2	2	2	2	3	3	4	4	9	9	10	11	13	16	19	20	20	27	30	36	40	41	42	48	50
天津市	Tianjin	0	0	0	0	0	0	0	0	0	0	0	0	0	0	0	0	0	0	0	0	0	0	0	1	1	2	2	2	2	4	4	8	10	11	21	32	37	45	46	48	54	59	62	65	81	87	91	96	102	105	109	111	118
天门市	Tianmen	0	0	0	0	0	0	0	0	0	0	0	0	0	0	0	0	0	0	0	0	0	0	0	0	0	0	1	1	1	1	10	12	12	13	21	21	27	39	55	73	133	165	198	232	258	282	286	307	332	362	371	393	414
天水市	Tianshui	0	0	0	0	0	0	0	0	0	0	0	0	0	0	0	0	0	0	0	0	0	0	0	0	0	0	0	1	1	1	1	1	1	1	1	1	1	1	1	1	1	1	1	1	0	0	-1	0	0	0	0	12	12
铁岭市	Tieling	0	0	0	0	0	0	0	0	0	0	0	0	0	0	0	0	0	0	0	0	0	0	0	0	0	0	0	0	0	0	0	0	1	1	1	1	1	2	2	2	2	2	2	2	3	5	5	5	5	5	5	6	6
通化市	Tonghua	0	0	0	0	0	0	0	0	0	0	0	0	0	0	0	0	0	0	0	0	0	0	0	0	0	0	0	0	0	0	0	0	0	0	1	1	1	1	2	2	2	2	2	2	3	3	3	3	3	4	4	4	4
通辽市	Tongliao	0	0	0	0	0	0	0	0	0	0	0	0	0	0	0	0	0	0	0	0	0	0	0	0	0	0	0	0	0	0	0	0	0	0	0	0	0	0	0	0	0	0	1	1	1	1	1	2	2	2	3	3	4
铜川市	Tongchuan	0	0	0	0	0	0	0	0	0	0	0	0	0	0	0	0	0	0	0	0	0	0	0	0	0	0	0	0	0	0	0	0	0	0	0	0	0	0	0	0	0	0	0	0	0	0	0	0	0	0	0	0	0
铜陵市	Tongling	0	0	0	0	0	0	0	0	0	0	0	0	0	0	0	0	0	0	0	0	0	0	0	0	1	1	1	2	5	7	7	7	7	9	10	10	10	10	11	12	12	12	13	14	15	18	21	21	25	27	28	28	28
铜仁市	Tongren	0	0	0	0	0	0	0	0	0	0	0	0	0	0	0	0	0	0	0	0	0	1	1	1	1	1	2	2	2	2	2	5	5	5	6	6	7	7	9	9	9	9	10	10	10	10	10	10	10	10	10	10	10
图木舒克市	Tumushuke	0	0	0	0	0	0	0	0	0	0	0	0	0	0	0	0	0	0	0	0	0	0	0	0	0	0	0	0	0	0	0	0	0	0	0	0	0	0	0	0	0	0	0	0	0	0	0	0	0	0	0	0	0
吐鲁番市	Turfan	0	0	0	0	0	0	0	0	0	0	0	0	0	0	0	0	0	0	0	0	0	0	0	0	0	0	0	0	0	0	0	0	1	1	1	1	1	1	1	1	1	1	1	1	1	1	1	1	1	1	1	1	1
屯昌县	Tunchang	0	0	0	0	0	0	0	0	0	0	0	0	0	0	0	0	0	0	0	0	0	0	0	0	0	0	0	0	0	0	0	0	0	0	0	0	0	0	0	0	0	0	0	0	0	0	0	0	0	0	0	0	0
万宁市	Wanning	0	0	0	0	0	0	0	0	0	0	0	0	0	0	0	0	0	0	0	0	0	0	0	0	0	0	0	0	0	0	0	0	0	1	1	3	3	4	4	9	9	9	9	9	9	11	11	11	12	12	12	12	12
威海市	Weihai	0	0	0	0	0	0	0	0	0	0	0	0	0	0	0	0	0	0	0	0	0	0	2	2	2	2	5	5	5	8	8	8	8	9	9	9	9	9	9	10	11	16	20	21	22	25	27	27	28	28	31	33	34
潍坊市	Weifang	0	0	0	0	0	0	0	0	0	0	0	0	0	0	0	0	0	0	0	0	0	0	0	0	0	0	0	0	0	1	1	1	4	5	6	7	9	10	11	14	15	17	17	18	22	22	24	24	24	29	29	30	31
渭南市	Weinan	0	0	0	0	0	0	0	0	0	0	0	0	0	0	0	0	0	0	0	0	0	0	0	0	0	0	0	0	0	0	0	0	0	0	0	0	0	0	0	0	0	0	0	0	0	0	0	0	0	0	0	0	0
温州市	Wenzhou	0	0	0	0	0	0	0	0	0	0	0	0	0	0	0	0	0	1	3	3	7	8	10	15	17	28	28	36	49	70	78	99	107	120	140	159	169	182	194	208	228	245	268	280	292	306	317	354	384	405	432	447	456
文昌市	Wenchang	0	0	0	0	0	0	0	0	0	0	0	0	0	0	0	0	0	0	0	0	0	0	0	0	0	0	0	0	0	0	0	0	0	1	1	1	1	1	1	2	3	3	3	3	3	3	3	3	3	3	3	3	3
文山壮族苗族自治州	Wenshan Zhuang and Miao Autonomous	0	0	0	0	0	0	0	0	0	0	0	0	0	0	0	0	0	0	0	0	0	0	0	0	0	0	0	0	0	0	0	0	0	0	0	0	0	0	0	0	0	0	1	1	1	2	2	2	2	2	2	2	2
乌海市	Wuhai	0	0	0	0	0	0	0	0	0	0	0	0	0	0	0	0	0	0	0	0	0	0	0	0	0	0	0	0	0	0	0	0	0	0	0	0	0	0	0	0	0	0	0	0	0	1	1	1	2	2	2	2	2
乌兰察布市	Ulaan Chab	0	0	0	0	0	0	0	0	0	0	0	0	0	0	0	0	0	0	0	0	0	0	0	0	0	0	0	0	0	0	0	0	0	0	0	0	0	1	1	1	1	1	1	1	1	1	1	2	2	2	2	2	2
乌鲁木齐市	Urumqi	0	0	0	0	0	0	0	0	0	0	0	0	0	0	0	0	0	0	0	0	0	0	0	0	0	0	0	0	0	0	0	0	2	2	2	2	3	4	4	6	8	10	10	10	13	14	14	14	17	19	20	22	24
无锡市	Wuxi	0	0	0	0	0	0	0	0	0	0	0	0	0	0	0	0	0	0	0	0	0	0	0	0	1	1	1	1	1	3	3	4	4	8	9	15	18	19	21	27	33	36	37	39	41	41	42	45	47	48	49	49	50
芜湖市	Wuhu	0	0	0	0	0	0	0	0	0	0	0	0	0	0	0	0	0	0	0	0	0	0	0	1	1	1	2	2	3	3	3	3	4	4	5	8	11	13	13	17	17	21	25	25	27	27	27	27	29	29	30	30	32
吴忠市	Wuzhong	0	0	0	0	0	0	0	0	0	0	0	0	0	0	0	0	0	0	0	0	0	0	0	0	0	0	0	0	0	4	4	4	6	6	6	6	6	6	6	9	9	9	12	12	19	20	22	25	26	26	27	27	27
梧州市	Wuzhou	0	0	0	0	0	0	0	0	0	0	0	0	0	0	0	0	0	0	1	1	1	1	1	1	2	2	2	2	2	3	3	5	5	5	5	5	5	5	5	5	5	5	5	5	5	5	5	5	5	5	5	5	5
五家渠市	Wujiaqu	0	0	0	0	0	0	0	0	0	0	0	0	0	0	0	0	0	0	0	0	0	0	0	0	0	0	0	0	0	0	0	0	0	0	0	0	0	0	0	0	0	0	0	0	0	0	0	0	0	1	1	1	1
五指山市	Wuzhishan	0	0	0	0	0	0	0	0	0	0	0	0	0	0	0	0	0	0	0	0	0	0	0	0	0	0	0	0	0	0	0	0	0	0	0	0	0	0	0	0	0	0	0	0	0	0	0	0	0	0	0	0	0
武汉市	Wuhan	0	6	7	7	7	12	15	19	24	25	25	25	28	31	32	40	42	42	42	49	70	106	138	191	270	335	398	501	665	844	1011	1173	1344	1882	2252	2502	2915	3458	4219	4895	5448	6214	7206	8171	8943	10334	11790	13325	15823	17549	19224	21182	23028
武威市	Weihai	0	0	0	0	0	0	0	0	0	0	0	0	0	0	0	0	0	0	0	0	0	0	0	0	0	0	0	0	0	0	0	0	0	0	0	0	0	0	0	0	0	0	0	0	0	0	-1	0	0	0	0	0	0
西安市	Xi'an	0	0	0	0	0	0	0	0	0	0	0	0	0	0	0	0	0	0	0	0	0	0	0	0	0	0	0	0	0	0	0	0	0	0	0	0	0	0	0	0	0	0	0	0	0	0	0	0	0	0	0	0	0
西宁市	Xining	0	0	0	0	0	0	0	0	0	0	0	0	0	0	0	0	0	0	0	0	0	0	0	0	0	0	3	3	3	3	3	3	5	9	9	9	11	11	11	12	13	13	15	15	15	15	15	15	15	15	15	15	15
西双版纳傣族自治州	Xishuangbanna Dai Autonomous	0	0	0	0	0	0	0	0	0	0	0	0	0	0	0	0	0	0	0	0	0	0	0	0	0	0	0	0	0	0	0	0	0	0	0	0	3	3	4	4	4	4	4	9	12	12	12	12	14	14	14	14	14
锡林郭勒盟	Xilin Gol	0	0	0	0	0	0	0	0	0	0	0	0	0	0	0	0	0	0	0	0	0	0	0	0	0	0	1	1	1	1	1	1	1	1	1	1	1	1	1	1	1	1	1	1	2	2	2	2	2	2	3	3	3
仙桃市	Xiantao	0	0	0	0	0	0	0	0	0	0	0	0	0	0	0	0	0	0	0	0	0	0	0	0	0	0	0	11	14	16	16	41	43	48	58	63	87	107	121	149	184	210	231	248	268	316	337	356	388	408	438	461	467
咸宁市	Xianning	0	0	0	0	0	0	0	0	0	0	0	0	0	0	0	0	0	0	0	0	0	1	1	1	1	2	3	6	12	23	44	51	65	84	99	127	152	181	204	225	268	313	358	398	445	504	560	607	644	677	692	730	749
咸阳市	Xianyang	0	0	0	0	0	0	0	0	0	0	0	0	0	0	0	0	0	0	0	0	0	0	0	0	0	0	0	0	0	0	0	0	0	0	0	0	0	0	0	0	0	0	0	0	0	0	0	0	0	0	0	0	0
香港特别行政区	Hongkong	0	0	0	0	0	0	0	0	0	0	0	0	0	0	0	0	0	0	0	0	0	0	0	0	0	0	0	0	0	0	0	0	0	0	0	1	1	2	2	4	5	5	6	11	12	19	18	24	26	30	33	36	36
湘潭市	Xiangtan	0	0	0	0	0	0	0	0	0	0	0	0	0	0	0	0	0	0	0	0	0	0	0	3	3	4	5	7	7	10	11	11	11	12	12	14	14	15	16	17	17	17	19	21	25	26	29	29	33	33	34	34	35
湘西土家族苗族自治州	Xiangxi Tujia and Miao Autonomous	0	0	0	0	0	0	0	0	0	0	0	0	0	0	0	0	0	0	0	0	0	0	0	1	1	1	1	1	1	3	4	6	6	6	6	6	6	6	6	7	7	7	8	8	8	8	8	8	8	8	8	8	8
襄阳市	Xiangyang	0	0	0	0	0	0	0	0	0	0	0	0	0	0	0	0	0	0	0	0	0	0	0	0	0	6	9	28	30	39	41	48	59	65	72	85	114	151	182	230	294	343	402	463	521	593	653	701	753	802	850	885	913
孝感市	Xiaogan	0	0	0	0	0	0	0	0	0	0	0	0	0	0	0	0	0	0	0	0	2	2	2	2	4	6	9	25	38	45	81	139	179	207	255	313	353	449	523	572	673	771	917	1078	1177	1328	1388	1622	1795	2047	2215	2397	2560
忻州市	Xinzhou	0	0	0	0	0	0	0	0	0	0	0	0	0	0	0	0	0	0	0	0	0	0	0	0	0	0	0	0	0	0	0	0	0	0	0	0	0	1	1	4	4	4	4	4	4	4	5	5	5	6	6	6	6
新乡市	Xinxiang	0	0	0	0	0	0	0	0	0	0	0	0	0	0	0	0	0	0	0	0	0	0	0	0	0	0	0	0	0	0	0	0	0	0	0	0	0	0	0	0	0	0	0	0	0	0	0	0	0	0	0	0	0
新余市	Xinyu	0	0	0	0	0	0	0	0	0	0	0	0	0	0	0	0	0	0	1	1	2	2	3	3	3	4	5	5	8	13	18	22	26	28	31	34	37	44	46	58	68	80	87	95	103	109	111	115	118	120	120	121	122
信阳市	Xinyang	0	0	0	0	0	0	0	0	0	0	0	0	0	0	0	0	0	0	0	0	0	0	0	0	0	0	0	0	0	0	0	0	0	0	0	0	0	0	0	0	0	0	0	0	0	0	0	0	0	0	0	0	0
邢台市	Xingtai	0	0	0	0	0	0	0	0	0	0	0	0	0	0	0	0	0	0	0	0	0	0	0	0	0	0	0	0	1	4	4	4	5	5	8	8	10	10	10	10	10	13	15	18	19	19	20	22	22	22	22	22	22
兴安盟	Hinggan League	0	0	0	0	0	0	0	0	0	0	0	0	0	0	0	0	0	0	0	0	0	0	0	0	0	0	0	0	0	0	0	0	0	0	0	0	0	0	0	0	0	0	0	0	0	0	0	0	1	1	1	1	1
宿迁市	Suqian	0	0	0	0	0	0	0	0	0	0	0	0	0	0	0	0	0	0	0	0	0	0	0	0	0	0	0	0	0	0	0	3	6	6	6	6	7	7	7	7	7	7	8	8	9	11	11	11	12	12	12	12	13
宿州市	Suzhou	0	0	0	0	0	0	0	0	0	0	0	0	0	0	0	0	0	0	0	0	0	0	0	0	0	0	0	0	0	1	3	3	4	8	10	11	11	13	16	17	20	22	23	26	26	29	32	33	36	37	39	40	40
徐州市	Xuzhou	0	0	0	0	0	0	0	0	0	0	0	0	0	0	0	0	0	0	0	0	0	0	0	0	0	0	3	3	3	3	8	10	10	16	17	20	23	28	42	46	51	55	58	63	66	67	67	69	71	71	71	71	71
许昌市	Xuchang	0	0	0	0	0	0	0	0	0	0	0	0	0	0	0	0	0	0	0	0	0	0	0	0	0	0	0	0	0	0	0	0	0	0	0	0	0	0	0	0	0	0	0	0	0	0	0	0	0	0	0	0	0
宣城市	Xuancheng	0	0	0	0	0	0	0	0	0	0	0	0	0	0	0	0	0	0	0	0	0	0	0	1	1	1	1	2	2	2	2	2	4	4	4	4	4	4	4	4	4	4	4	4	4	4	4	4	4	4	4	4	4
雅安市	Ya'an	0	0	0	0	0	0	0	0	0	0	0	0	0	0	0	0	0	0	0	0	0	0	0	0	0	0	0	0	1	1	2	2	2	2	2	2	2	2	2	2	3	4	4	4	4	5	6	6	6	6	6	6	6
烟台市	Yantai	0	0	0	0	0	0	0	0	0	0	0	0	0	0	0	0	0	0	0	0	0	0	0	0	0	0	0	2	2	2	3	3	3	7	10	12	13	13	13	13	15	17	18	19	19	20	23	26	28	30	31	33	35
延安市	Yan'an	0	0	0	0	0	0	0	0	0	0	0	0	0	0	0	0	0	0	0	0	0	0	0	0	0	0	0	0	0	0	0	0	0	0	0	0	0	0	0	0	0	0	0	0	0	0	0	0	0	0	0	0	0
延边朝鲜族自治州	Yanbian Korean Autonomous	0	0	0	0	0	0	0	0	0	0	0	0	0	0	0	0	0	0	0	0	0	0	0	0	0	0	0	0	0	0	2	2	2	2	2	2	2	2	2	4	4	4	4	4	4	5	5	5	5	5	5	5	5
盐城市	Yancheng	0	0	0	0	0	0	0	0	0	0	0	0	0	0	0	0	0	0	0	0	0	0	0	0	0	0	2	3	3	3	3	3	3	6	6	6	9	12	14	18	20	20	20	20	24	24	24	25	25	27	27	27	27
扬州市	Yangzhou	0	0	0	0	0	0	0	0	0	0	0	0	0	0	0	0	0	0	0	0	0	0	0	0	0	0	0	0	2	2	2	3	6	6	6	6	7	8	9	11	11	13	15	17	17	17	17	17	17	19	23	23	23
阳江市	Yangjiang	0	0	0	0	0	0	0	0	0	0	0	0	0	0	0	0	0	0	0	0	0	0	0	0	0	0	0	0	0	0	0	0	0	0	0	0	0	0	0	0	0	0	0	0	0	0	0	0	0	0	0	0	0
阳泉市	Yangquan	0	0	0	0	0	0	0	0	0	0	0	0	0	0	0	0	0	0	0	0	0	0	0	0	0	0	0	0	0	0	0	0	0	0	0	0	0	1	1	1	2	2	2	3	4	4	4	4	4	4	4	4	4
伊春市	Yichun	0	0	0	0	0	0	0	0	0	0	0	0	0	0	0	0	0	0	0	0	0	0	0	0	0	0	0	0	0	0	0	0	0	0	0	0	0	0	0	0	0	0	0	0	0	0	0	0	1	1	1	1	1
伊犁哈萨克自治州	Ili Kazak Autonomous	0	0	0	0	0	0	0	0	0	0	0	0	0	0	0	0	0	0	0	0	0	0	0	0	0	0	0	0	0	0	0	0	0	0	1	1	4	4	4	4	6	6	6	6	6	6	6	9	14	18	27	27	27
宜宾市	Yibin	0	0	0	0	0	0	0	0	0	0	0	0	0	0	0	0	0	0	0	0	0	0	0	0	0	0	0	0	0	0	3	3	3	3	3	6	6	6	6	6	7	7	7	8	8	8	10	10	10	10	10	10	10
宜昌市	Yichang	0	0	0	0	0	0	0	0	0	0	0	0	0	0	0	0	0	0	0	0	0	0	0	1	2	9	9	11	24	36	43	52	62	72	81	92	140	156	186	208	231	250	273	289	304	328	362	396	429	462	506	535	583
宜春市	Yichun	0	0	0	0	0	0	0	0	0	0	0	0	0	0	0	0	0	0	0	0	0	1	1	1	2	4	4	4	5	5	9	9	15	15	17	19	19	23	29	32	41	52	57	71	75	83	89	94	95	95	103	103	104
益阳市	Yiyang	0	0	0	0	0	0	0	0	0	0	0	0	0	0	0	0	0	0	0	0	0	0	0	0	1	1	6	6	6	10	15	16	22	22	22	24	25	27	30	31	35	48	51	52	52	55	56	56	58	58	59	59	59
银川市	Yinchuan	0	0	0	0	0	0	0	0	0	0	0	0	0	0	0	0	0	0	0	0	0	0	0	0	1	1	1	1	3	5	5	6	11	13	13	16	21	21	23	26	26	28	29	29	30	30	31	31	33	33	33	33	33
鹰潭市	Yingtan	0	0	0	0	0	0	0	0	0	0	0	0	0	0	0	0	0	0	0	0	0	0	0	0	0	0	0	1	1	2	2	2	2	3	3	4	4	4	4	4	5	5	5	7	7	11	11	12	13	13	13	16	16
营口市	Yingkou	0	0	0	0	0	0	0	0	0	0	0	0	0	0	0	0	0	0	0	0	0	0	0	0	0	0	0	0	0	0	0	0	1	1	1	1	1	1	1	1	1	1	1	1	1	1	1	1	1	1	1	1	1
永州市	Yongzhou	0	0	0	0	0	0	0	0	0	0	0	0	0	0	0	0	0	0	0	0	0	0	2	2	5	5	8	8	10	10	13	13	18	18	23	23	27	28	30	30	30	30	35	37	37	41	41	42	42	42	42	43	43
榆林市	Yulin	0	0	0	0	0	0	0	0	0	0	0	0	0	0	0	0	0	0	0	0	0	0	0	0	0	0	0	0	0	0	0	0	0	0	0	0	0	0	0	0	0	0	0	0	0	0	0	0	0	0	0	0	0
玉林市	Yulin	0	0	0	0	0	0	0	0	0	0	0	0	0	0	0	0	0	0	0	0	0	0	0	0	0	0	1	1	1	1	1	1	1	1	1	1	1	1	2	4	4	4	4	6	6	6	7	7	7	7	7	7	11
玉树藏族自治州	Yushu  Zhuang Autonomous	0	0	0	0	0	0	0	0	0	0	0	0	0	0	0	0	0	0	0	0	0	0	0	0	0	0	0	0	0	0	0	0	0	0	0	0	0	0	0	0	0	0	0	0	0	0	0	0	0	0	0	0	0
玉溪市	Yuxi	0	0	0	0	0	0	0	0	0	0	0	0	0	0	0	0	0	0	0	0	0	0	0	0	0	0	0	0	0	0	0	0	0	0	0	0	3	3	3	3	3	9	9	9	9	12	12	12	12	12	12	12	13
岳阳市	Yueyang	0	0	0	0	0	0	0	0	0	0	0	0	0	0	0	0	0	0	0	0	0	0	0	0	0	0	2	4	6	10	17	21	24	42	44	48	51	54	63	64	64	72	77	87	91	98	106	107	113	114	115	119	124
云浮市	Yunfu	0	0	0	0	0	0	0	0	0	0	0	0	0	0	0	0	0	0	0	0	0	0	0	0	0	0	0	0	0	0	0	0	0	0	0	0	0	0	0	0	0	0	0	0	0	0	0	0	0	0	0	0	0
运城市	Yuncheng	0	0	0	0	0	0	0	0	0	0	0	0	0	0	0	0	0	0	0	0	0	0	0	1	1	1	1	1	1	4	4	4	6	8	8	10	13	13	13	14	14	16	16	16	17	17	18	18	18	18	18	18	18
枣庄市	Zaozhuang	0	0	0	0	0	0	0	0	0	0	0	0	0	0	0	0	0	0	0	0	0	0	0	0	0	0	0	0	0	0	1	1	3	4	4	4	4	4	7	7	10	11	14	15	18	19	20	22	22	22	22	22	23
湛江市	Zhanjiang	0	0	0	0	0	0	0	0	0	0	0	0	0	0	0	0	0	0	0	0	0	0	0	0	0	0	0	0	0	0	0	0	0	0	0	0	0	0	0	0	0	0	0	0	0	0	0	0	0	0	0	0	0
张家界市	Zhangjiajie	0	0	0	0	0	0	0	0	0	0	0	0	0	0	0	0	0	0	0	0	0	0	0	0	0	0	2	2	2	2	2	3	3	3	3	3	4	4	5	5	5	5	5	5	5	5	5	5	5	5	5	5	5
张家口市	Zhangjiakou	0	0	0	0	0	0	0	0	0	0	0	0	0	0	0	0	0	0	0	0	0	0	0	0	0	0	0	1	1	1	2	2	2	3	4	7	9	9	9	15	24	24	25	26	28	32	32	32	33	33	33	35	35
张掖市	Zhangye	0	0	0	0	0	0	0	0	0	0	0	0	0	0	0	0	0	0	0	0	0	0	0	0	0	0	0	0	0	0	1	1	1	1	1	1	1	1	1	1	1	1	1	1	0	0	-1	0	0	0	0	2	2
漳州市	Zhangzhou	0	0	0	0	0	0	0	0	0	0	0	0	0	0	0	0	0	0	0	0	0	0	0	0	0	0	0	0	0	0	0	0	0	0	0	0	0	0	0	0	0	0	0	0	0	0	0	0	0	0	0	0	0
长春市	Changchun	0	0	0	0	0	0	0	0	0	0	0	0	0	0	0	0	0	0	0	0	1	1	1	1	1	1	1	1	1	1	6	6	11	11	13	13	14	16	19	19	19	21	22	26	27	32	33	33	35	37	39	39	40
长沙市	Changsha	0	0	0	0	0	0	0	0	0	0	0	0	0	0	0	0	0	0	0	0	1	1	2	2	2	6	8	10	19	27	33	39	48	57	63	66	73	88	92	98	110	125	130	141	143	152	159	164	172	174	178	185	186
长治市	Changzhi	0	0	0	0	0	0	0	0	0	0	0	0	0	0	0	0	0	0	0	0	0	0	0	0	0	0	0	0	0	0	0	0	0	0	0	0	0	1	1	1	1	2	3	3	3	5	5	7	7	7	7	7	8
昭通市	Zhaotong	0	0	0	0	0	0	0	0	0	0	0	0	0	0	0	0	0	0	0	0	0	0	0	0	0	0	0	0	0	0	0	0	0	0	0	0	2	2	2	2	2	5	6	10	14	14	15	15	15	20	20	25	25
肇庆市	Zhaoqing	0	0	0	0	0	0	0	0	0	0	0	0	0	0	0	0	0	0	0	0	0	0	0	0	0	0	0	0	0	0	0	0	0	0	0	0	0	0	0	0	0	0	0	0	0	0	0	0	0	0	0	0	0
镇江市	Zhenjiang	0	0	0	0	0	0	0	0	0	0	0	0	0	0	0	0	0	0	0	0	0	0	0	0	0	0	0	0	1	1	1	1	2	2	2	2	4	4	5	6	8	8	9	10	10	10	10	10	10	10	11	11	11
郑州市	Zhengzhou	0	0	0	0	0	0	0	0	0	0	0	0	0	0	0	0	0	0	0	0	0	0	0	0	0	0	0	0	0	0	0	0	0	0	0	0	0	0	0	0	0	0	0	0	0	0	0	0	0	0	0	0	0
中山市	Zhongshan	0	0	0	0	0	0	0	0	0	0	0	0	0	0	0	0	0	0	0	0	0	0	0	0	0	0	0	0	0	0	0	0	0	0	0	0	0	0	0	0	0	0	0	0	0	0	0	0	0	0	0	0	0
中卫市	Zhongwei	0	0	0	0	0	0	0	0	0	0	0	0	0	0	0	0	0	0	0	0	0	0	0	0	0	0	0	0	0	2	2	2	2	2	2	2	3	3	3	3	3	3	3	3	3	3	3	3	3	3	3	3	3
重庆市	Chongqing	0	0	0	0	0	0	0	0	0	0	0	0	0	0	0	0	0	0	0	1	1	1	3	7	9	14	15	24	31	39	51	66	79	102	128	152	184	207	225	254	274	299	316	328	335	349	372	384	401	422	438	450	469
舟山市	Zhoushan	0	0	0	0	0	0	0	0	0	0	0	0	0	0	0	0	0	0	0	0	1	1	1	2	2	2	3	4	5	5	5	5	5	5	5	5	5	5	5	5	5	5	5	5	5	5	6	6	7	7	8	8	10
周口市	Zhoukou	0	0	0	0	0	0	0	0	0	0	0	0	0	0	0	0	0	0	0	0	0	0	0	0	0	0	0	0	0	0	0	0	0	0	0	0	0	0	0	0	0	0	0	0	0	0	0	0	0	0	0	0	0
珠海市	Zhuhai	0	0	0	0	0	0	0	0	0	0	0	0	0	0	0	0	0	0	0	0	0	0	0	0	0	0	0	0	0	0	0	0	0	0	0	0	0	0	0	0	0	0	0	0	0	0	0	0	0	0	0	0	0
株洲市	Zhuzhou	0	0	0	0	0	0	0	0	0	0	0	0	0	0	0	0	0	0	0	0	0	0	0	1	1	2	2	7	8	9	10	11	12	14	21	23	29	33	35	37	40	46	47	47	50	52	54	56	56	62	62	69	69
驻马店市	Zhumadian	0	0	0	0	0	0	0	0	0	0	0	0	0	0	0	0	0	0	0	0	0	0	0	0	0	0	0	0	0	0	0	0	0	0	0	0	0	0	0	0	0	0	0	0	0	0	0	0	0	0	0	0	0
资阳市	Ziyang	0	0	0	0	0	0	0	0	0	0	0	0	0	0	0	0	0	0	0	0	0	0	0	0	0	0	0	0	0	0	1	1	1	1	2	2	2	2	2	2	2	2	2	2	2	2	2	2	2	2	2	2	2
淄博市	Zibo	0	0	0	0	0	0	0	0	0	0	0	0	0	0	0	0	0	0	0	0	0	0	0	0	0	0	0	0	1	1	1	1	1	1	1	4	4	4	5	6	6	9	10	14	14	16	16	18	18	21	21	21	21
自贡市	Zigong	0	0	0	0	0	0	0	0	0	0	0	0	0	0	0	0	0	0	0	0	0	0	0	0	0	0	0	0	2	2	2	2	2	2	2	2	2	2	2	4	4	7	7	7	7	7	8	8	9	9	9	9	9
遵义市	Zunyi	0	0	0	0	0	0	0	0	0	0	0	0	0	0	0	0	0	0	0	0	0	0	0	0	0	0	0	0	0	1	1	1	1	1	1	3	3	5	12	15	16	17	18	18	18	18	18	19	19	19	19	19	19
