Region_CN	Region_EN	T20191231	T20200111	T20200112	T20200113	T20200114	T20200115	T20200116	T20200117	T20200118	T20200119	T20200120	T20200121	T20200122	T20200123	T20200124	T20200125	T20200126	T20200127	T20200128	T20200129	T20200130	T20200131	T20200201	T20200202	T20200203	T20200204	T20200205	T20200206	T20200207	T20200208	T20200209	T20200210	T20200211	T20200212	T20200213	T20200214	T20200215	T20200216	T20200217	T20200218	T20200219	T20200220	T20200221	T20200222	T20200223	T20200224	T20200225	T20200226	T20200227	T20200228	T20200229	T20200301	T20200302	T20200303	T20200304	T20200305	T20200306	T20200307	T20200308	T20200309	T20200310	T20200311	T20200312	T20200313	T20200314	T20200315	T20200316	T20200317	T20200318	T20200319	T20200320	T20200321	T20200322	T20200323	T20200324	T20200325	T20200326	T20200327	T20200328	T20200329	T20200330	T20200331	T20200401	T20200402	T20200403	T20200404	T20200405	T20200406	T20200407	T20200408	T20200409	T20200410	T20200411	T20200412	T20200413	T20200414	T20200415	T20200416	T20200417	T20200418	T20200419	T20200420	T20200421	T20200422	T20200423	T20200424	T20200425
阿尔巴尼亚	Albania	0	0	0	0	0	0	0	0	0	0	0	0	0	0	0	0	0	0	0	0	0	0	0	0	0	0	0	0	0	0	0	0	0	0	0	0	0	0	0	0	0	0	0	0	0	0	0	0	0	0	0	0	0	0	0	0	0	0	0	0	6	6	15	33	33	38	42	42	55	55	55	70	76	76	104	123	146	186	197	197	197	223	243	277	304	333	361	361	383	400	409	416	416	446	467	475	494	518	539	548	562	584	609	634	663	678	678
阿尔及利亚	Algeria	0	0	0	0	0	0	0	0	0	0	0	0	0	0	0	0	0	0	0	0	0	0	0	0	0	0	0	0	0	0	0	0	0	0	0	0	0	0	0	0	0	0	0	0	0	0	0	1	1	1	1	1	1	1	1	17	17	17	19	19	19	20	25	26	37	48	54	60	67	75	90	102	139	230	230	264	302	367	409	454	511	584	716	847	986	1171	1251	1320	1423	1468	1572	1666	1761	1825	1914	1983	2070	2160	2268	2418	2534	2629	2718	2811	2910	3007	3127
阿富汗	Afghanistan	0	0	0	0	0	0	0	0	0	0	0	0	0	0	0	0	0	0	0	0	0	0	0	0	0	0	0	0	0	0	0	0	0	0	0	0	0	0	0	0	0	0	0	0	0	1	1	1	1	1	1	1	1	1	1	4	4	4	4	4	5	7	7	7	10	16	21	22	22	22	24	24	34	42	42	74	84	95	117	117	145	174	196	239	273	299	337	367	423	444	484	521	521	607	665	714	784	840	906	933	993	1026	1092	1176	1279	1330	1463
阿根廷	Argentina	0	0	0	0	0	0	0	0	0	0	0	0	0	0	0	0	0	0	0	0	0	0	0	0	0	0	0	0	0	0	0	0	0	0	0	0	0	0	0	0	0	0	0	0	0	0	0	0	0	0	0	0	0	0	1	1	2	8	9	12	17	19	19	31	34	45	45	65	65	97	128	158	225	225	301	387	502	589	690	745	745	966	1054	1133	1265	1353	1451	1554	1628	1715	1795	1894	1975	2142	2208	2277	2443	2571	2669	2758	2839	2941	3031	3144	3288	3435	3607
阿克罗蒂里和德克利亚	Akrotiri and Dhekelia	0	0	0	0	0	0	0	0	0	0	0	0	0	0	0	0	0	0	0	0	0	0	0	0	0	0	0	0	0	0	0	0	0	0	0	0	0	0	0	0	0	0	0	0	0	0	0	0	0	0	0	0	0	0	0	0	0	0	0	0	0	0	0	0	0	0	0	0	0	0	0	0	0	0	0	0	0	0	0	0	0	0	0	0	0	0	0	0	0	0	0	0	0	0	0	0	0	0	0	0	0	0	0	0	0	0	0
阿拉伯联合酋长国	United Arab Emirates	0	0	0	0	0	0	0	0	0	0	0	0	0	0	0	0	0	0	0	4	4	4	4	5	5	5	5	5	5	7	7	7	8	8	8	8	8	8	9	9	9	9	9	11	11	11	13	13	13	19	21	21	21	21	27	28	28	45	45	45	74	74	74	85	85	86	98	98	113	140	140	153	153	198	198	333	333	333	468	468	611	664	664	814	1024	1505	1505	2076	2076	2659	2659	2990	3736	3736	4123	4521	4933	5365	5825	5825	6781	7265	7755	8238	8756	8756	9281
阿鲁巴	Aruba	0	0	0	0	0	0	0	0	0	0	0	0	0	0	0	0	0	0	0	0	0	0	0	0	0	0	0	0	0	0	0	0	0	0	0	0	0	0	0	0	0	0	0	0	0	0	0	0	0	0	0	0	0	0	0	0	0	0	0	0	0	0	0	0	0	0	0	0	0	0	0	0	0	0	0	0	0	8	8	19	19	19	19	19	19	19	19	19	19	19	19	19	19	86	86	86	86	93	93	96	93	93	93	93	93	93	93
阿曼	Oman	0	0	0	0	0	0	0	0	0	0	0	0	0	0	0	0	0	0	0	0	0	0	0	0	0	0	0	0	0	0	0	0	0	0	0	0	0	0	0	0	0	0	0	0	0	0	4	4	5	6	6	6	6	12	12	16	16	16	16	16	16	18	18	19	20	21	22	24	33	39	39	52	55	66	84	99	109	131	152	167	179	192	210	231	252	277	298	331	371	419	457	484	484	599	727	813	910	1019	1069	1180	1266	1410	1508	1614	1716	1790	1905
阿塞拜疆	Azerbaijan	0	0	0	0	0	0	0	0	0	0	0	0	0	0	0	0	0	0	0	0	0	0	0	0	0	0	0	0	0	0	0	0	0	0	0	0	0	0	0	0	0	0	0	0	0	0	0	0	0	0	3	3	3	3	3	3	3	3	3	3	11	13	15	19	19	23	25	25	25	25	25	44	53	72	72	93	93	122	165	182	209	273	298	400	443	521	584	641	717	822	926	926	991	1098	1148	1197	1253	1253	1283	1373	1398	1436	1480	1518	1548	1592	1617
埃及	Egypt	0	0	0	0	0	0	0	0	0	0	0	0	0	0	0	0	0	0	0	0	0	0	0	0	0	0	0	0	0	0	0	0	0	0	0	0	1	1	1	1	1	1	1	1	1	1	1	1	1	1	1	1	2	2	2	2	14	15	33	59	59	59	67	80	93	110	126	166	196	210	256	285	294	327	366	442	456	495	536	576	609	656	710	779	865	985	1070	1173	1322	1450	1560	1699	1794	1939	2065	2190	2350	2505	2673	2844	3032	3144	3333	3490	3659	3891	4092
埃塞俄比亚	Ethiopia	0	0	0	0	0	0	0	0	0	0	0	0	0	0	0	0	0	0	0	0	0	0	0	0	0	0	0	0	0	0	0	0	0	0	0	0	0	0	0	0	0	0	0	0	0	0	0	0	0	0	0	0	0	0	0	0	0	0	0	0	0	0	0	1	1	1	5	5	6	6	9	9	12	11	12	12	12	16	16	16	23	25	29	29	35	38	43	43	52	55	56	65	65	71	74	82	85	92	96	105	108	111	114	116	116	117	122
爱尔兰	Ireland	0	0	0	0	0	0	0	0	0	0	0	0	0	0	0	0	0	0	0	0	0	0	0	0	0	0	0	0	0	0	0	0	0	0	0	0	0	0	0	0	0	0	0	0	0	0	0	0	0	0	0	1	1	1	2	6	13	18	19	24	24	34	43	70	90	129	169	223	292	366	557	683	785	906	1125	1329	1564	1819	2121	2415	2615	2910	3235	3447	3849	4273	4604	4994	5364	5709	6074	6574	8089	8928	9655	10647	11479	12547	13271	13648	14758	15251	15652	16040	16671	17607	18184
爱沙尼亚	Estonia	0	0	0	0	0	0	0	0	0	0	0	0	0	0	0	0	0	0	0	0	0	0	0	0	0	0	0	0	0	0	0	0	0	0	0	0	0	0	0	0	0	0	0	0	0	0	0	0	1	1	1	1	1	1	1	1	5	10	10	10	12	13	16	17	68	135	171	205	225	258	267	283	306	352	352	369	404	538	575	640	640	745	779	858	961	1018	1097	1108	1149	1185	1185	1207	1258	1309	1332	1373	1400	1434	1459	1512	1528	1535	1552	1559	1592	1605	1635
安道尔	Andorra	0	0	0	0	0	0	0	0	0	0	0	0	0	0	0	0	0	0	0	0	0	0	0	0	0	0	0	0	0	0	0	0	0	0	0	0	0	0	0	0	0	0	0	0	0	0	0	0	0	0	0	0	1	1	1	1	1	1	1	1	1	1	1	1	2	2	2	15	15	54	75	88	114	133	164	185	220	263	267	308	308	370	390	390	428	466	501	526	545	564	583	601	601	638	646	646	673	673	696	704	704	713	717	717	723	723	723
安哥拉	Angola	0	0	0	0	0	0	0	0	0	0	0	0	0	0	0	0	0	0	0	0	0	0	0	0	0	0	0	0	0	0	0	0	0	0	0	0	0	0	0	0	0	0	0	0	0	0	0	0	0	0	0	0	0	0	0	0	0	0	0	0	0	0	0	0	0	0	0	0	0	0	0	0	0	0	0	0	0	3	4	5	7	7	7	8	8	8	10	14	16	17	19	19	19	19	19	19	19	19	19	19	24	24	24	24	25	25	25
安圭拉岛	Anguilla	0	0	0	0	0	0	0	0	0	0	0	0	0	0	0	0	0	0	0	0	0	0	0	0	0	0	0	0	0	0	0	0	0	0	0	0	0	0	0	0	0	0	0	0	0	0	0	0	0	0	0	0	0	0	0	0	0	0	0	0	0	0	0	0	0	0	0	0	0	0	0	0	0	0	0	0	0	0	0	2	2	2	2	2	2	3	3	3	3	2	2	2	2	2	2	2	2	2	2	2	2	2	2	2	2	2	2
安提瓜和巴布达	Antigua and Barbuda	0	0	0	0	0	0	0	0	0	0	0	0	0	0	0	0	0	0	0	0	0	0	0	0	0	0	0	0	0	0	0	0	0	0	0	0	0	0	0	0	0	0	0	0	0	0	0	0	0	0	0	0	0	0	0	0	0	0	0	0	0	0	0	0	0	1	1	1	1	1	1	1	1	1	1	1	1	1	1	3	3	7	7	7	7	7	7	7	15	19	19	19	19	21	23	23	23	23	23	23	23	23	23	24	24	24	24
奥地利	Austria	0	0	0	0	0	0	0	0	0	0	0	0	0	0	0	0	0	0	0	0	0	0	0	0	0	0	0	0	0	0	0	0	0	0	0	0	0	0	0	0	0	0	0	0	0	0	2	2	3	5	5	10	14	16	24	40	41	55	79	131	157	182	246	361	504	674	860	1016	1332	1646	2196	2649	2714	3611	4486	4876	6001	6398	7964	8536	9377	9974	10501	10927	11251	11781	11920	12206	12519	12881	13138	13494	13776	13945	14013	14159	14321	14412	14553	14671	14696	14795	14873	14925	15002	15071	15148
奥兰群岛	Aland	0	0	0	0	0	0	0	0	0	0	0	0	0	0	0	0	0	0	0	0	0	0	0	0	0	0	0	0	0	0	0	0	0	0	0	0	0	0	0	0	0	0	0	0	0	0	0	0	0	0	0	0	0	0	0	0	0	0	0	0	0	0	0	0	0	0	0	0	0	0	0	0	0	0	0	0	0	0	0	0	0	0	0	0	0	0	0	0	0	0	0	0	0	0	0	0	0	0	0	0	0	0	0	0	0	0	0
澳大利亚	Australia	0	0	0	0	0	0	0	0	0	0	0	0	0	0	0	1	4	5	5	6	7	8	11	11	11	12	13	13	14	14	14	14	14	14	14	14	14	14	14	14	14	14	14	16	16	16	23	23	23	24	25	28	29	40	41	53	60	64	74	83	101	117	144	144	236	272	368	449	513	636	877	1051	1098	1709	1823	2423	2799	3166	3635	3980	4245	4559	4864	5133	5330	5550	5687	5797	5895	6013	6108	6204	6292	6317	6359	6494	6494	6494	6522	6565	6586	6619	6625	6647	6660	6667	6677
巴巴多斯	Barbados	0	0	0	0	0	0	0	0	0	0	0	0	0	0	0	0	0	0	0	0	0	0	0	0	0	0	0	0	0	0	0	0	0	0	0	0	0	0	0	0	0	0	0	0	0	0	0	0	0	0	0	0	0	0	0	0	0	0	0	0	0	0	0	0	0	0	0	0	2	2	2	2	2	2	2	2	2	2	18	18	18	34	34	34	34	45	46	34	60	63	63	66	66	68	71	72	73	75	75	75	75	75	75	75	76	76	77
巴布亚新几内亚	Papua New Guinea	0	0	0	0	0	0	0	0	0	0	0	0	0	0	0	0	0	0	0	0	0	0	0	0	0	0	0	0	0	0	0	0	0	0	0	0	0	0	0	0	0	0	0	0	0	0	0	0	0	0	0	0	0	0	0	0	0	0	0	0	0	0	0	0	0	0	0	0	0	0	0	1	1	1	1	1	1	1	0	1	1	1	1	1	1	1	1	2	2	2	2	2	2	2	2	2	2	2	7	7	7	7	7	8	8	8	8
巴哈马	Bahamas	0	0	0	0	0	0	0	0	0	0	0	0	0	0	0	0	0	0	0	0	0	0	0	0	0	0	0	0	0	0	0	0	0	0	0	0	0	0	0	0	0	0	0	0	0	0	0	0	0	0	0	0	0	0	0	0	0	0	0	0	0	0	0	0	0	0	1	1	1	1	1	1	1	1	1	1	1	1	1	5	5	14	14	14	14	14	14	14	33	36	40	41	41	46	47	49	49	53	53	55	55	60	60	65	70	72	73
巴基斯坦	Pakistan	0	0	0	0	0	0	0	0	0	0	0	0	0	0	0	0	0	0	0	0	0	0	0	0	0	0	0	0	0	0	0	0	0	0	0	0	0	0	0	0	0	0	0	0	0	0	0	0	2	2	3	3	4	5	5	5	6	6	6	16	16	18	18	20	29	53	137	184	237	301	448	510	730	799	892	998	1016	1179	1408	1526	1625	1865	2071	2291	2450	2708	3123	3658	4004	4183	4457	4601	4892	5170	5374	5837	5988	6919	7268	7638	7993	8418	9216	9749	10811	11155	12227
巴拉圭	Paraguay	0	0	0	0	0	0	0	0	0	0	0	0	0	0	0	0	0	0	0	0	0	0	0	0	0	0	0	0	0	0	0	0	0	0	0	0	0	0	0	0	0	0	0	0	0	0	0	0	0	0	0	0	0	0	0	0	0	0	1	1	1	2	2	2	6	6	6	6	6	6	6	18	22	22	22	37	37	41	41	41	41	65	65	65	65	96	104	113	115	119	124	129	129	134	147	159	161	174	199	202	206	208	208	213	213	220	223
巴勒斯坦	Palestine	0	0	0	0	0	0	0	0	0	0	0	0	0	0	0	0	0	0	0	0	0	0	0	0	0	0	0	0	0	0	0	0	0	0	0	0	0	0	0	0	0	0	0	0	0	0	0	0	0	0	0	0	0	0	0	0	7	16	19	19	19	30	30	31	35	35	35	35	41	44	47	48	59	59	59	60	64	84	91	104	106	115	134	134	160	210	226	252	260	263	263	263	263	268	290	308	308	374	402	418	431	449	461	474	480	480	484
巴林	Bahrain	0	0	0	0	0	0	0	0	0	0	0	0	0	0	0	0	0	0	0	0	0	0	0	0	0	0	0	0	0	0	0	0	0	0	0	0	0	0	0	0	0	0	0	0	0	1	17	26	33	36	41	41	47	47	47	47	56	56	77	109	109	109	195	210	211	214	221	237	256	269	285	306	334	339	391	419	457	466	473	499	515	567	569	635	672	688	698	723	811	821	855	913	1016	1087	1348	1522	1671	1698	1700	1767	1873	1895	1952	2009	2098	2217	2588
巴拿马	Panama	0	0	0	0	0	0	0	0	0	0	0	0	0	0	0	0	0	0	0	0	0	0	0	0	0	0	0	0	0	0	0	0	0	0	0	0	0	0	0	0	0	0	0	0	0	0	0	0	0	0	0	0	0	0	0	0	0	0	0	0	1	8	11	27	36	43	43	69	86	86	86	200	245	245	245	443	558	674	786	901	989	1075	1075	1317	1475	1673	1801	1988	2100	2249	2528	2752	2974	3234	3400	3472	3574	3751	4016	4210	4273	4467	4658	4821	4992	5166	538
巴西	Brazil	0	0	0	0	0	0	0	0	0	0	0	0	0	0	0	0	0	0	0	0	0	0	0	0	0	0	0	0	0	0	0	0	0	0	0	0	0	0	0	0	0	0	0	0	0	0	0	1	1	1	1	2	2	2	2	3	8	13	19	25	25	34	52	77	98	151	200	234	291	514	621	904	1128	1546	1891	2201	2433	2915	3477	3904	4330	4681	5812	6988	8066	9216	10431	11298	12240	14152	16238	18176	19943	20984	22318	23955	25758	29015	30891	67446	36925	39144	40814	43592	46348	50512	54043
白俄罗斯	Belarus	0	0	0	0	0	0	0	0	0	0	0	0	0	0	0	0	0	0	0	0	0	0	0	0	0	0	0	0	0	0	0	0	0	0	0	0	0	0	0	0	0	0	0	0	0	0	0	0	0	1	1	1	1	1	4	4	6	6	6	6	9	9	9	12	12	27	27	27	27	51	69	69	69	81	81	86	86	86	86	86	86	152	163	254	351	440	562	700	860	1066	1066	1981	2226	2578	2919	3281	3728	4204	4779	4779	4779	6264	6264	7281	8022	8773	9590
百慕大	Bermuda	0	0	0	0	0	0	0	0	0	0	0	0	0	0	0	0	0	0	0	0	0	0	0	0	0	0	0	0	0	0	0	0	0	0	0	0	0	0	0	0	0	0	0	0	0	0	0	0	0	0	0	0	0	0	0	0	0	0	0	0	0	0	0	0	0	0	0	0	0	0	0	0	0	0	0	0	0	0	7	7	7	7	7	7	7	7	7	7	7	7	7	7	7	7	7	7	7	7	7	7	7	7	7	7	7	7	7
保加利亚	Bulgaria	0	0	0	0	0	0	0	0	0	0	0	0	0	0	0	0	0	0	0	0	0	0	0	0	0	0	0	0	0	0	0	0	0	0	0	0	0	0	0	0	0	0	0	0	0	0	0	0	0	0	0	0	0	0	0	0	0	0	0	2	2	2	7	23	30	36	51	51	81	92	107	127	163	187	201	218	242	264	313	313	313	359	399	449	477	503	531	531	565	581	611	635	648	669	676	713	735	783	825	865	884	929	966	1015	1081	1171	1234
北马里亚纳群岛	Northern Mariana Islands	0	0	0	0	0	0	0	0	0	0	0	0	0	0	0	0	0	0	0	0	0	0	0	0	0	0	0	0	0	0	0	0	0	0	0	0	0	0	0	0	0	0	0	0	0	0	0	0	0	0	0	0	0	0	0	0	0	0	0	0	0	0	0	0	0	0	0	0	0	0	0	0	0	0	0	0	0	0	0	0	0	0	0	0	0	0	0	0	0	0	0	0	0	0	0	0	0	0	0	0	0	0	0	0	0	0	0
北塞浦路斯	Northern Cyprus	0	0	0	0	0	0	0	0	0	0	0	0	0	0	0	0	0	0	0	0	0	0	0	0	0	0	0	0	0	0	0	0	0	0	0	0	0	0	0	0	0	0	0	0	0	0	0	0	0	0	0	0	0	0	0	0	0	0	0	0	0	0	0	0	0	0	0	0	0	0	0	0	0	0	0	0	0	0	0	0	0	0	0	0	0	0	0	0	0	0	0	0	0	0	0	0	0	0	0	0	0	0	0	0	0	0	0
贝宁	Benin	0	0	0	0	0	0	0	0	0	0	0	0	0	0	0	0	0	0	0	0	0	0	0	0	0	0	0	0	0	0	0	0	0	0	0	0	0	0	0	0	0	0	0	0	0	0	0	0	0	0	0	0	0	0	0	0	0	0	0	0	0	0	0	0	0	0	1	1	1	1	1	1	1	1	5	5	5	5	6	6	6	6	6	13	13	16	16	22	26	26	26	26	26	35	35	35	35	35	35	35	35	54	54	54	54	54	54
比利时	Belgium	0	0	0	0	0	0	0	0	0	0	0	0	0	0	0	0	0	0	0	0	0	0	0	0	0	1	1	1	1	1	1	1	1	1	1	1	1	1	1	1	1	1	1	1	1	1	1	1	1	1	1	2	8	13	13	50	109	109	169	239	239	267	399	556	689	886	1085	1243	1243	1243	2257	2815	3401	3743	4262	4937	6235	7284	9134	10836	11899	12775	13964	15348	16770	18431	19961	20814	22194	23403	24983	26667	28018	29647	30789	31119	33573	34809	36138	37183	38496	39983	40956	41889	42797	44293	45327
冰岛	Iceland	0	0	0	0	0	0	0	0	0	0	0	0	0	0	0	0	0	0	0	0	0	0	0	0	0	0	0	0	0	0	0	0	0	0	0	0	0	0	0	0	0	0	0	0	0	0	0	0	0	0	1	1	3	9	14	34	34	45	50	60	60	69	90	109	128	156	177	180	220	220	330	409	473	568	588	648	739	802	936	963	1020	1086	1220	1319	1319	1417	1486	1526	1586	1586	1616	1648	1675	1701	1701	1711	1720	1727	1739	1760	1760	1773	1778	1785	1789	1789	1790
波兰	Poland	0	0	0	0	0	0	0	0	0	0	0	0	0	0	0	0	0	0	0	0	0	0	0	0	0	0	0	0	0	0	0	0	0	0	0	0	0	0	0	0	0	0	0	0	0	0	0	0	0	0	0	0	0	0	1	1	1	5	6	17	18	22	31	51	68	104	125	187	238	238	355	425	563	634	749	901	901	1221	1389	1717	1905	2215	2347	2633	3149	3503	3834	4201	4532	5000	5341	5742	6088	6356	6674	7049	7408	7771	8214	8563	9082	9453	9737	10034	10346	10759	11067
波斯尼亚和黑塞哥维那	Bosnia and Herzegovina	0	0	0	0	0	0	0	0	0	0	0	0	0	0	0	0	0	0	0	0	0	0	0	0	0	0	0	0	0	0	0	0	0	0	0	0	0	0	0	0	0	0	0	0	0	0	0	0	0	0	0	0	0	0	0	1	1	1	3	3	5	7	11	13	13	21	24	24	24	24	64	64	93	93	131	131	176	176	192	230	324	368	409	490	543	617	654	674	754	777	804	858	935	1000	1030	1083	1110	1167	1199	1285	1285	1309	1342	1368	1413	1421	1486
玻利维亚	Bolivia	0	0	0	0	0	0	0	0	0	0	0	0	0	0	0	0	0	0	0	0	0	0	0	0	0	0	0	0	0	0	0	0	0	0	0	0	0	0	0	0	0	0	0	0	0	0	0	0	0	0	0	0	0	0	0	0	0	0	0	0	0	2	2	2	2	10	10	10	10	10	10	10	10	10	10	10	39	39	39	39	39	97	97	97	97	139	157	183	194	210	264	268	268	300	330	354	397	441	465	493	520	564	598	609	672	703	703
伯利兹	Belize	0	0	0	0	0	0	0	0	0	0	0	0	0	0	0	0	0	0	0	0	0	0	0	0	0	0	0	0	0	0	0	0	0	0	0	0	0	0	0	0	0	0	0	0	0	0	0	0	0	0	0	0	0	0	0	0	0	0	0	0	0	0	0	0	0	0	0	0	0	0	0	0	0	0	1	1	1	1	2	2	2	3	3	3	3	3	3	3	7	7	8	10	10	13	14	18	18	18	18	18	18	18	18	28	18	18	18
博茨瓦纳	Botswana	0	0	0	0	0	0	0	0	0	0	0	0	0	0	0	0	0	0	0	0	0	0	0	0	0	0	0	0	0	0	0	0	0	0	0	0	0	0	0	0	0	0	0	0	0	0	0	0	0	0	0	0	0	0	0	0	0	0	0	0	0	0	0	0	0	0	0	0	0	0	0	0	0	0	0	0	0	0	0	0	0	3	4	4	4	4	4	4	6	6	13	13	13	13	13	13	13	15	15	20	20	20	20	20	22	22	22
博内尔、新尤斯特歇斯和萨巴	Bonaire, Sint Eustatius and Saba	0	0	0	0	0	0	0	0	0	0	0	0	0	0	0	0	0	0	0	0	0	0	0	0	0	0	0	0	0	0	0	0	0	0	0	0	0	0	0	0	0	0	0	0	0	0	0	0	0	0	0	0	0	0	0	0	0	0	0	0	0	0	0	0	0	0	0	0	0	0	0	0	0	0	0	0	0	0	0	0	0	0	0	0	0	0	0	0	0	0	0	0	0	0	0	0	0	0	0	0	0	0	0	0	0	0	0
不丹	Bhutan	0	0	0	0	0	0	0	0	0	0	0	0	0	0	0	0	0	0	0	0	0	0	0	0	0	0	0	0	0	0	0	0	0	0	0	0	0	0	0	0	0	0	0	0	0	0	0	0	0	0	0	0	0	0	0	0	1	1	1	1	1	1	1	1	1	1	1	1	1	1	1	1	1	1	1	1	1	1	3	3	3	4	4	4	4	4	4	4	5	5	5	5	5	5	5	5	5	5	5	5	5	5	6	6	7	7	7
布基纳法索	Burkina Faso	0	0	0	0	0	0	0	0	0	0	0	0	0	0	0	0	0	0	0	0	0	0	0	0	0	0	0	0	0	0	0	0	0	0	0	0	0	0	0	0	0	0	0	0	0	0	0	0	0	0	0	0	0	0	0	0	0	0	0	2	2	2	2	2	2	2	15	15	20	20	20	40	40	40	114	114	146	152	180	207	222	246	261	288	288	302	318	345	364	384	414	443	443	484	497	515	528	542	546	557	565	576	581	600	609	616	629
布隆迪	Burundi	0	0	0	0	0	0	0	0	0	0	0	0	0	0	0	0	0	0	0	0	0	0	0	0	0	0	0	0	0	0	0	0	0	0	0	0	0	0	0	0	0	0	0	0	0	0	0	0	0	0	0	0	0	0	0	0	0	0	0	0	0	0	0	0	0	0	0	0	0	0	0	0	0	0	0	0	0	0	0	0	0	0	2	2	3	3	3	3	3	3	3	3	3	5	5	5	5	5	5	5	6	6	6	11	11	11	11
布韦特岛	Bouvet Island	0	0	0	0	0	0	0	0	0	0	0	0	0	0	0	0	0	0	0	0	0	0	0	0	0	0	0	0	0	0	0	0	0	0	0	0	0	0	0	0	0	0	0	0	0	0	0	0	0	0	0	0	0	0	0	0	0	0	0	0	0	0	0	0	0	0	0	0	0	0	0	0	0	0	0	0	0	0	0	0	0	0	0	0	0	0	0	0	0	0	0	0	0	0	0	0	0	0	0		0	0	0	0	0	0	0
朝鲜	North Korea	0	0	0	0	0	0	0	0	0	0	0	0	0	0	0	0	0	0	0	0	0	0	0	0	0	0	0	0	0	0	0	0	0	0	0	0	0	0	0	0	0	0	0	0	0	0	0	0	0	0	0	0	0	0	0	0	0	0	0	0	0	0	0	0	0	0	0	0	0	0	0	0	0	0	0	0	0	0	0	0	0	0	0	0	0	0	0	0	0	0	0	0	0	0	0	0	0	0	0		0	0	0	0	0	0	0
赤道几内亚	Equatorial Guinea	0	0	0	0	0	0	0	0	0	0	0	0	0	0	0	0	0	0	0	0	0	0	0	0	0	0	0	0	0	0	0	0	0	0	0	0	0	0	0	0	0	0	0	0	0	0	0	0	0	0	0	0	0	0	0	0	0	0	0	0	0	0	0	0	0	1	1	1	3	4	6	6	6	9	9	9	11	12	13	13	14	14	14	14	14	16	16	16	16	16	18	18	18	21	21	21	41	51	51	79	79	79	79	83	84	84	214
丹麦	Denmark	0	0	0	0	0	0	0	0	0	0	0	0	0	0	0	0	0	0	0	0	0	0	0	0	0	0	0	0	0	0	0	0	0	0	0	0	0	0	0	0	0	0	0	0	0	0	0	0	1	1	2	3	4	6	10	15	20	23	27	59	113	262	514	785	801	827	898	914	977	1057	1226	1255	1326	1450	1577	1591	1724	1877	2200	2564	2733	2994	3092	3542	3861	4077	4561	4841	5173	5581	5830	6014	6191	6369	6513	6691	6876	7074	7268	7437	7580	7711	7891	8108	8271	8408	8643
德国	Germany	0	0	0	0	0	0	0	0	0	0	0	0	0	0	0	0	0	0	1	4	4	6	7	10	10	12	12	12	13	13	13	14	14	16	16	16	16	16	16	16	16	16	16	16	16	16	16	21	25	45	66	117	130	196	240	349	578	687	847	1139	1296	1524	2078	3117	3117	5426	6672	7272	10082	12327	17653	20581	23921	27181	31370	36589	39572	45023	53340	58247	63929	67051	74508	80641	85063	92150	96092	100186	104050	109329	113945	118856	122852	126366	128666	131074	133314	134753	138733	142283	144348	146551	147593	149358	151456	153758	155931
东帝汶	Timor-Leste	0	0	0	0	0	0	0	0	0	0	0	0	0	0	0	0	0	0	0	0	0	0	0	0	0	0	0	0	0	0	0	0	0	0	0	0	0	0	0	0	0	0	0	0	0	0	0	0	0	0	0	0	0	0	0	0	0	0	0	0	0	0	0	0	0	0	0	0	0	0	0	1	1	1	1	1	1	1	1	1	1	0	1	1	1	1	1	1	1	1	1	2	2	2	4	6	8	18	18	18	19	22	63	63	63	63	63
多哥	Togo	0	0	0	0	0	0	0	0	0	0	0	0	0	0	0	0	0	0	0	0	0	0	0	0	0	0	0	0	0	0	0	0	0	0	0	0	0	0	0	0	0	0	0	0	0	0	0	0	0	0	0	0	0	0	0	0	0	1	1	1	1	1	1	1	1	1	1	1	1	1	9	16	16	16	16	16	16	16	24	24	30	34	34	39	39	41	44	52	58	65	73	76	76	76	77	77	81	81	83	84	84	84	84	88	88	90	96
多米尼加	Dominica	0	0	0	0	0	0	0	0	0	0	0	0	0	0	0	0	0	0	0	0	0	0	0	0	0	0	0	0	0	0	0	0	0	0	0	0	0	0	0	0	0	0	0	0	0	0	0	0	0	0	0	1	1	1	1	1	1	1	1	1	1	1	1	1	1	5	5	21	21	22	34	34	34	34	34	34	34	34	34	34	859	901	1284	1284	1380	1488	1745	1745	1828	1956	2111	2349	2620	2759	2967	3167	3286	3614	3755	4126	4335	4680	4964	5044	5300	5543	5749
俄罗斯	Russia	0	0	0	0	0	0	0	0	0	0	0	0	0	0	0	0	0	0	0	0	0	2	2	2	2	2	2	2	2	2	2	2	2	2	2	2	2	2	2	2	2	2	2	2	2	2	2	2	2	2	2	2	2	2	2	7	8	8	10	10	10	20	28	45	47	63	93	93	147	199	253	306	306	438	498	658	840	1036	1264	1539	1836	2337	2777	3548	4149	4731	5389	6343	7497	8672	10301	11917	13584	15770	18328	21102	24490	27938	32008	36793	42853	47121	52763	57999	62773	68622	74588
厄瓜多尔	Ecuador	0	0	0	0	0	0	0	0	0	0	0	0	0	0	0	0	0	0	0	0	0	0	0	0	0	0	0	0	0	0	0	0	0	0	0	0	0	0	0	0	0	0	0	0	0	0	0	0	0	0	0	1	6	6	7	10	13	13	13	13	13	15	15	15	23	23	23	58	111	155	260	367	367	367	367	367	367	1382	1627	1823	1924	1966	2240	2758	3163	3368	3465	3646	3747	3995	4450	4965	7161	7257	7466	7529	7603	7858	8225	8450	9022	9468	10128	10398	10850	22160	22719
厄立特里亚	Eritrea	0	0	0	0	0	0	0	0	0	0	0	0	0	0	0	0	0	0	0	0	0	0	0	0	0	0	0	0	0	0	0	0	0	0	0	0	0	0	0	0	0	0	0	0	0	0	0	0	0	0	0	0	0	0	0	0	0	0	0	0	0	0	0	0	0	0	0	0	0	0	0	0	1	1	1	1	4	6	6	6	12	15	15	18	18	22	29	29	31	31	33	33	33	34	34	34	35	35	35	39	39	39	39	39	39	39	39
法国	France	0	0	0	0	0	0	0	0	0	0	0	0	0	0	2	3	3	3	3	4	5	6	6	6	6	6	6	6	6	11	11	11	11	11	11	11	11	12	12	12	12	12	12	12	12	12	12	17	18	41	73	100	130	191	212	377	577	613	949	1412	1784	1784	2281	2876	3661	4500	5423	6633	7730	9134	10995	12612	14459	16018	19856	22302	25233	29155	33414	38105	40751	45209	52836	57780	59929	83029	90853	93780	98984	110070	113982	118790	125931	130730	133672	137887	137887	147863	147863	149132	152978	154098	156495	159300	159315	159495	159952
法罗群岛	Faroe Islands	0	0	0	0	0	0	0	0	0	0	0	0	0	0	0	0	0	0	0	0	0	0	0	0	0	0	0	0	0	0	0	0	0	0	0	0	0	0	0	0	0	0	0	0	0	0	0	0	0	0	0	0	0	0	0	0	0	0	0	0	0	0	0	2	2	0	0	0	0	0	0	0	0	115	0	122	132	144	144	140	159	159	0	159	159	159	159	159	159	159	159	159	159	184	184	184	184	184	184	184	184	184	184	184	184	184	184
法属波利尼西亚	French Polynesia	0	0	0	0	0	0	0	0	0	0	0	0	0	0	0	0	0	0	0	0	0	0	0	0	0	0	0	0	0	0	0	0	0	0	0	0	0	0	0	0	0	0	0	0	0	0	0	0	0	0	0	0	0	0	0	0	0	0	0	0	0	0	0	1	1	0	0	0	0	0	0	0	0	0	0	0	0	0	30	30	30	30	30	30	30	30	30	30	30	30	30	30	30	30	30	30	30	30	30	30	30	30	30	30	30	30	30
法属圭亚那	French Guiana	0	0	0	0	0	0	0	0	0	0	0	0	0	0	0	0	0	0	0	0	0	0	0	0	0	0	0	0	0	0	0	0	0	0	0	0	0	0	0	0	0	0	0	0	0	0	0	0	0	0	0	0	0	0	0	0	0	0	0	0	0	0	0	5	5	5	5	5	11	11	15	15	18	19	19	23	28	28	28	28	28	28	28	28	28	28	28	28	28	28	28	28	28	83	83	83	83	86	86	86	86	86	86	86	86	86	86
法属南部领地	French Southern Territories	0	0	0	0	0	0	0	0	0	0	0	0	0	0	0	0	0	0	0	0	0	0	0	0	0	0	0	0	0	0	0	0	0	0	0	0	0	0	0	0	0	0	0	0	0	0	0	0	0	0	0	0	0	0	0	0	0	0	0	0	0	0	0	0	0	0	0	0	0	0	0	0	0	0	0	0	0	0	0	0	0	0	0	0	0	0	0	0	0	0	0	0	0	0	0	0	0	0	0	0	0	0	0	0	0	0	0
梵蒂冈城	Vatican City	0	0	0	0	0	0	0	0	0	0	0	0	0	0	0	0	0	0	0	0	0	0	0	0	0	0	0	0	0	0	0	0	0	0	0	0	0	0	0	0	0	0	0	0	0	0	0	0	0	0	0	0	0	0	0	0	1	1	1	1	1	1	1	1	1	1	1	1	1	1	1	1	1	1	1	1	1	1	4	6	6	6	6	6	6	7	7	6	7	7	8	8	8	8	8	8	8	8	8	8	8	8	9	9	9	9	9
菲律宾	Philippines	0	0	0	0	0	0	0	0	0	0	0	0	0	0	0	0	0	0	0	0	1	1	1	2	2	2	3	3	3	3	3	3	3	3	3	3	3	3	3	3	3	3	3	3	3	3	3	3	3	3	3	3	3	3	3	3	5	6	6	24	33	35	52	64	98	140	142	187	202	217	230	262	380	462	552	636	707	803	1075	1418	1546	2084	2311	2633	3018	3094	3246	3660	3764	3870	4076	4195	4428	4648	4932	5223	5453	5660	5878	6087	6259	6459	6599	6710	6981	7192	7294
斐济	Fiji	0	0	0	0	0	0	0	0	0	0	0	0	0	0	0	0	0	0	0	0	0	0	0	0	0	0	0	0	0	0	0	0	0	0	0	0	0	0	0	0	0	0	0	0	0	0	0	0	0	0	0	0	0	0	0	0	0	0	0	0	0	0	0	0	0	0	0	0	0	1	1	1	1	1	1	1	1	1	5	5	5	5	5	5	5	5	5	5	15	15	15	16	16	16	16	16	16	17	17	17	17	18	18	28	18	18	18
芬兰	Finland	0	0	0	0	0	0	0	0	0	0	0	0	0	0	0	0	0	0	0	0	1	1	1	1	1	1	1	1	1	1	1	1	1	1	1	1	1	1	1	1	1	1	1	1	1	1	1	1	2	2	3	3	6	6	6	12	15	15	19	30	40	40	65	155	155	244	244	272	272	359	400	521	521	626	700	792	880	880	1163	1167	1343	1418	1446	1518	1615	1882	1927	2176	2308	2487	2605	2769	2905	2974	3064	3161	3237	3369	3489	3681	3783	3868	4014	4129	4284	4395	4475
佛得角	Cape Verde	0	0	0	0	0	0	0	0	0	0	0	0	0	0	0	0	0	0	0	0	0	0	0	0	0	0	0	0	0	0	0	0	0	0	0	0	0	0	0	0	0	0	0	0	0	0	0	0	0	0	0	0	0	0	0	0	0	0	0	0	0	0	0	0	0	0	0	0	0	0	1	1	1	1	3	3	3	3	5	5	5	6	6	6	6	7	7	7	7	7	7	7	7	8	10	10	45	56	56	58	61	67	67	68	82	88	90
福克兰群岛	Falkland Islands	0	0	0	0	0	0	0	0	0	0	0	0	0	0	0	0	0	0	0	0	0	0	0	0	0	0	0	0	0	0	0	0	0	0	0	0	0	0	0	0	0	0	0	0	0	0	0	0	0	0	0	0	0	0	0	0	0	0	0	0	0	0	0	0	0	0	0	0	0	0	0	0	0	0	0	0	0	0	0	0	0	0	0	0	0	0	0	0	0	0	0	0	0	0	0	0	0	0	0	0	0	0	0	0	0	0	0
冈比亚	Gambia	0	0	0	0	0	0	0	0	0	0	0	0	0	0	0	0	0	0	0	0	0	0	0	0	0	0	0	0	0	0	0	0	0	0	0	0	0	0	0	0	0	0	0	0	0	0	0	0	0	0	0	0	0	0	0	0	0	0	0	0	0	0	0	0	0	0	0	0	1	1	1	1	1	2	2	3	3	3	3	3	4	4	4	4	4	4	4	4	4	4	4	4	4	9	2	9	9	2	9	9	9	10	10	10	10	10	10
刚果共和国	Republic of Congo	0	0	0	0	0	0	0	0	0	0	0	0	0	0	0	0	0	0	0	0	0	0	0	0	0	0	0	0	0	0	0	0	0	0	0	0	0	0	0	0	0	0	0	0	0	0	0	0	0	0	0	0	0	0	0	0	0	0	0	0	0	0	0	0	0	1	1	1	1	1	1	1	4	4	4	4	4	4	19	19	19	19	22	22	41	41	45	49	49	60	60	60	60	70	70	74	117	117	117	143	143	160	160	165	186	186	200
刚果民主共和国	Democratic Republic of the Congo	0	0	0	0	0	0	0	0	0	0	0	0	0	0	0	0	0	0	0	0	0	0	0	0	0	0	0	0	0	0	0	0	0	0	0	0	0	0	0	0	0	0	0	0	0	0	0	0	0	0	0	0	0	0	0	0	0	0	0	0	0	1	1	2	2	3	3	3	7	14	18	23	23	30	45	48	51	54	54	58	81	98	109	123	134	148	154	161	180	183	207	215	215	234	235	241	254	267	287	307	327	327	350	359	377	394	416
哥伦比亚	Colombia	0	0	0	0	0	0	0	0	0	0	0	0	0	0	0	0	0	0	0	0	0	0	0	0	0	0	0	0	0	0	0	0	0	0	0	0	0	0	0	0	0	0	0	0	0	0	0	0	0	0	0	0	0	0	0	0	0	1	1	1	1	3	9	9	13	22	34	57	75	102	108	158	210	235	277	378	470	491	539	608	702	798	906	1065	1161	1267	1406	1485	1579	1780	2054	2223	2473	2709	2776	2852	2979	3105	3233	3439	3621	3792	3977	4149	4356	4561	4881
哥斯达黎加	Costa Rica	0	0	0	0	0	0	0	0	0	0	0	0	0	0	0	0	0	0	0	0	0	0	0	0	0	0	0	0	0	0	0	0	0	0	0	0	0	0	0	0	0	0	0	0	0	0	0	0	0	0	0	0	0	0	0	0	0	1	1	9	9	13	13	13	13	13	35	41	41	69	87	113	113	113	158	158	201	231	263	295	295	330	347	347	396	416	435	454	467	483	502	539	539	577	595	612	618	626	642	649	655	660	662	669	681	687	687
格恩西岛	Guernsey	0	0	0	0	0	0	0	0	0	0	0	0	0	0	0	0	0	0	0	0	0	0	0	0	0	0	0	0	0	0	0	0	0	0	0	0	0	0	0	0	0	0	0	0	0	0	0	0	0	0	0	0	0	0	0	0	0	0	0	0	0	0	0	1	1	0	0	0	0	0	0	0	0	0	0	0	0	0	0	0	0	0	0	0	0	0	0	0	0	0	0	0	0	0	0	0	0	0	0		0	0	0	0	0	0	0
格林纳达	Grenada	0	0	0	0	0	0	0	0	0	0	0	0	0	0	0	0	0	0	0	0	0	0	0	0	0	0	0	0	0	0	0	0	0	0	0	0	0	0	0	0	0	0	0	0	0	0	0	0	0	0	0	0	0	0	0	0	0	0	0	0	0	0	0	0	0	0	0	0	0	0	0	0	0	0	0	0	0	7	7	7	7	9	9	9	9	9	9	9	12	12	12	12	12	14	14	14	14	14	14	14	14	14	14	14	15	15	15
格陵兰	Greenland	0	0	0	0	0	0	0	0	0	0	0	0	0	0	0	0	0	0	0	0	0	0	0	0	0	0	0	0	0	0	0	0	0	0	0	0	0	0	0	0	0	0	0	0	0	0	0	0	0	0	0	0	0	0	0	0	0	0	0	0	0	0	0	0	0	0	0	0	1	1	1	1	1	1	1	4	6	6	6	6	6	6	6	6	6	6	6	6	6	6	6	6	6	11	11	11	11	11	11	11	11	11	11	11	11	11	11
格鲁吉亚	Georgia	0	0	0	0	0	0	0	0	0	0	0	0	0	0	0	0	0	0	0	0	0	0	0	0	0	0	0	0	0	0	0	0	0	0	0	0	0	0	0	0	0	0	0	0	0	0	0	0	1	2	3	3	3	3	3	3	9	9	13	13	13	23	24	25	25	30	33	33	38	40	43	47	49	61	67	70	77	81	85	90	98	108	115	130	139	157	170	188	195	208	214	230	230	252	266	299	309	336	370	385	394	399	408	411	420	431	456
古巴	Cuba	0	0	0	0	0	0	0	0	0	0	0	0	0	0	0	0	0	0	0	0	0	0	0	0	0	0	0	0	0	0	0	0	0	0	0	0	0	0	0	0	0	0	0	0	0	0	0	0	0	0	0	0	0	0	0	0	0	0	0	0	0	0	3	4	4	4	4	4	4	10	16	21	21	21	21	21	21	21	67	67	67	170	186	170	233	269	288	320	363	396	457	515	515	620	669	726	766	814	862	923	986	1035	1087	1137	1189	1235	1285
瓜德罗普	Guadeloupe	0	0	0	0	0	0	0	0	0	0	0	0	0	0	0	0	0	0	0	0	0	0	0	0	0	0	0	0	0	0	0	0	0	0	0	0	0	0	0	0	0	0	0	0	0	0	0	0	0	0	0	0	0	0	0	0	0	0	0	0	0	0	0	0	0	0	0	0	0	0	0	0	0	0	0	0	0	0	0	0	0	0	0	0	0	0	0	0	0	0	0	0	0	0	0	0	0	0	0	0	0	0	0	0	0	0	0
关岛	Guam	0	0	0	0	0	0	0	0	0	0	0	0	0	0	0	0	0	0	0	0	0	0	0	0	0	0	0	0	0	0	0	0	0	0	0	0	0	0	0	0	0	0	0	0	0	0	0	0	0	0	0	0	0	0	0	0	0	0	0	0	0	0	0	0	0	0	0	0	0	0	0	0	0	0	0	0	0	0	0	0	0	0	0	0	0	0	0	0	0	0	0	0	0	0	0	0	0	0	0	0	0	0	0	0	0	0	0
圭亚那	Guyana	0	0	0	0	0	0	0	0	0	0	0	0	0	0	0	0	0	0	0	0	0	0	0	0	0	0	0	0	0	0	0	0	0	0	0	0	0	0	0	0	0	0	0	0	0	0	0	0	0	0	0	0	0	0	0	0	0	0	0	0	0	0	1	1	1	1	4	4	4	4	5	5	5	5	5	5	5	5	5	5	5	8	8	8	8	23	23	23	31	33	37	37	37	45	45	47	48	55	57	57	63	65	66	67	67	70	73
哈萨克斯坦	Kazakhstan	0	0	0	0	0	0	0	0	0	0	0	0	0	0	0	0	0	0	0	0	0	0	0	0	0	0	0	0	0	0	0	0	0	0	0	0	0	0	0	0	0	0	0	0	0	0	0	0	0	0	0	0	0	0	0	0	0	0	0	0	0	0	0	3	6	8	8	27	35	44	49	53	54	60	66	79	88	135	191	271	302	325	369	402	453	525	569	629	685	709	764	802	859	911	979	1202	1290	1362	1498	1615	1676	1775	1967	2047	2251	2376	2564
海地	Haiti	0	0	0	0	0	0	0	0	0	0	0	0	0	0	0	0	0	0	0	0	0	0	0	0	0	0	0	0	0	0	0	0	0	0	0	0	0	0	0	0	0	0	0	0	0	0	0	0	0	0	0	0	0	0	0	0	0	0	0	0	0	0	0	0	0	0	0	0	0	0	2	2	2	2	2	2	2	2	8	8	8	15	15	15	15	18	21	15	24	25	30	30	30	33	33	40	40	41	43	44	44	47	57	58	62	72	72
韩国	South Korea	0	0	0	0	0	0	0	0	0	0	1	1	1	1	2	2	3	4	4	4	6	11	12	15	15	16	19	23	24	24	27	27	28	28	28	28	28	29	29	31	51	104	204	433	602	833	977	1261	1766	2337	3150	3736	4335	5159	5621	6088	6593	7041	7314	7478	7755	7755	7869	7979	8086	8162	8236	8320	8413	8565	8652	8799	8897	8961	9037	9137	9241	9332	9478	9583	9661	9786	9887	9976	10062	10156	10237	10284	10331	10384	10423	10450	10480	10512	10537	10564	10591	10613	10635	10653	10661	10674	10683	10694	10702	10708	10718
荷兰	Netherlands	0	0	0	0	0	0	0	0	0	0	0	0	0	0	0	0	0	0	0	0	0	0	0	0	0	0	0	0	0	0	0	0	0	0	0	0	0	0	0	0	0	0	0	0	0	0	0	0	0	2	4	10	10	24	24	82	82	128	188	188	382	382	503	804	804	1135	1413	1705	2051	2460	2994	3631	4204	4749	5560	6412	7431	8603	9762	10923	11814	12662	13614	14779	15723	16627	17953	18917	19703	20678	21898	23245	24565	25746	26710	27580	28314	29381	30618	31766	32834	33588	34317	35026	35921	36727	37384
赫德岛和麦克唐纳群岛	Heard Island and McDonald Islands	0	0	0	0	0	0	0	0	0	0	0	0	0	0	0	0	0	0	0	0	0	0	0	0	0	0	0	0	0	0	0	0	0	0	0	0	0	0	0	0	0	0	0	0	0	0	0	0	0	0	0	0	0	0	0	0	0	0	0	0	0	0	0	0	0	0	0	0	0	0	0	0	0	0	0	0	0	0	0	0	0	0	0	0	0	0	0	0	0	0	0	0	0	0	0	0	0	0	0	0	0	0	0	0	0	0	0
黑山	Montenegro	0	0	0	0	0	0	0	0	0	0	0	0	0	0	0	0	0	0	0	0	0	0	0	0	0	0	0	0	0	0	0	0	0	0	0	0	0	0	0	0	0	0	0	0	0	0	0	0	0	0	0	0	0	0	0	0	0	0	0	0	0	0	0	0	0	0	0	0	2	2	10	10	10	10	10	10	53	53	75	75	85	91	109	109	109	197	203	214	239	248	252	255	255	267	273	278	288	290	303	305	308	311	313	314	316	319	319
红宝石公主号	Ruby Princess	0	0	0	0	0	0	0	0	0	0	0	0	0	0	0	0	0	0	0	0	0	0	0	0	0	0	0	0	0	0	0	0	0	0	0	0	0	0	0	0	0	0	0	0	0	0	0	0	0	0	0	0	0	0	0	0	0	0	0	0	0	0	0	0	0	0	0	0	0	0	0	0	0	48	48	48	48	48	48	48	215	215	215	215	215	215	215	620	620	620	620	620	620	620	620	620	620	620	620	620	620	620	620	620	620	620	620
洪都拉斯	Honduras	0	0	0	0	0	0	0	0	0	0	0	0	0	0	0	0	0	0	0	0	0	0	0	0	0	0	0	0	0	0	0	0	0	0	0	0	0	0	0	0	0	0	0	0	0	0	0	0	0	0	0	0	0	0	0	0	0	0	0	0	0	0	2	2	2	2	2	2	2	2	24	24	24	24	24	24	52	68	68	68	68	141	141	141	222	264	268	222	305	312	343	382	382	393	397	407	419	426	442	457	472	477	494	510	519	562	591
基里巴斯	Kiribati	0	0	0	0	0	0	0	0	0	0	0	0	0	0	0	0	0	0	0	0	0	0	0	0	0	0	0	0	0	0	0	0	0	0	0	0	0	0	0	0	0	0	0	0	0	0	0	0	0	0	0	0	0	0	0	0	0	0	0	0	0	0	0	0	0	0	0	0	0	0	0	0	0	0	0	0	0	0	0	0	0	0	0	0	0	0	0	0	0	0	0	0	0	0	0	0	0	0	0	0	0	0	0	0	0	0	0
吉布提	Djibouti	0	0	0	0	0	0	0	0	0	0	0	0	0	0	0	0	0	0	0	0	0	0	0	0	0	0	0	0	0	0	0	0	0	0	0	0	0	0	0	0	0	0	0	0	0	0	0	0	0	0	0	0	0	0	0	0	0	0	0	0	0	0	0	0	0	0	0	0	0	0	0	0	0	0	0	0	0	0	0	0	0	0	0	0	0	50	59	90	90	135	140	150	150	215	298	363	435	591	591	732	732	846	846	974	986	999	999
吉尔吉斯斯坦	Kyrgyzstan	0	0	0	0	0	0	0	0	0	0	0	0	0	0	0	0	0	0	0	0	0	0	0	0	0	0	0	0	0	0	0	0	0	0	0	0	0	0	0	0	0	0	0	0	0	0	0	0	0	0	0	0	0	0	0	0	0	0	0	0	0	0	0	0	0	0	0	0	3	3	6	12	12	16	16	42	42	42	58	84	84	107	107	116	116	144	147	216	228	270	280	298	298	377	419	430	449	466	489	506	554	568	590	612	631	656	665
几内亚	Guinea	0	0	0	0	0	0	0	0	0	0	0	0	0	0	0	0	0	0	0	0	0	0	0	0	0	0	0	0	0	0	0	0	0	0	0	0	0	0	0	0	0	0	0	0	0	0	0	0	0	0	0	0	0	0	0	0	0	0	0	0	0	0	0	0	0	1	1	1	1	1	2	2	2	2	2	2	2	2	2	2	16	22	22	52	52	73	111	121	128	144	164	194	194	250	250	363	404	404	438	438	518	579	622	688	761	862	862
几内亚比绍	Guinea-Bissau	0	0	0	0	0	0	0	0	0	0	0	0	0	0	0	0	0	0	0	0	0	0	0	0	0	0	0	0	0	0	0	0	0	0	0	0	0	0	0	0	0	0	0	0	0	0	0	0	0	0	0	0	0	0	0	0	0	0	0	0	0	0	0	0	0	0	0	0	0	0	0	0	0	0	0	2	2	2	2	2	2	8	8	8	9	15	15	15	33	33	33	36	36	39	39	40	43	46	46	50	50	50	50	50	52	52	52
加拿大	Canada	0	0	0	0	0	0	0	0	0	0	0	0	0	0	0	0	1	1	1	2	3	3	4	4	4	4	5	5	5	5	7	7	7	7	7	7	8	8	8	8	8	8	8	9	9	10	11	11	11	14	16	17	24	27	30	34	48	53	60	77	77	93	107	149	198	253	313	436	595	727	873	1146	1330	1550	2091	2892	3409	4043	4781	5656	6321	7448	8591	10121	11284	12549	14022	15940	16667	17897	19290	20765	22148	23318	24384	25680	27064	28379	30987	49616	34386	36039	37933	39464	41650	43353	44526
加纳	Ghana	0	0	0	0	0	0	0	0	0	0	0	0	0	0	0	0	0	0	0	0	0	0	0	0	0	0	0	0	0	0	0	0	0	0	0	0	0	0	0	0	0	0	0	0	0	0	0	0	0	0	0	0	0	0	0	0	0	0	0	0	0	0	0	2	2	6	6	6	7	9	16	19	21	24	52	68	132	136	137	152	152	152	195	195	204	205	214	214	287	287	313	378	378	408	566	636	636	641	641	834	834	1042	1042	1154	1154	1279	1279
加蓬	Gabon	0	0	0	0	0	0	0	0	0	0	0	0	0	0	0	0	0	0	0	0	0	0	0	0	0	0	0	0	0	0	0	0	0	0	0	0	0	0	0	0	0	0	0	0	0	0	0	0	0	0	0	0	0	0	0	0	0	0	0	0	0	0	0	1	1	1	1	1	3	3	3	3	5	5	5	5	5	7	7	7	7	16	18	18	18	21	21	24	30	33	34	44	44	49	57	75	80	87	95	108	109	109	120	156	166	167	172
柬埔寨	Cambodia	0	0	0	0	0	0	0	0	0	0	0	0	0	0	0	0	0	0	1	1	1	1	1	1	1	1	1	1	1	1	1	1	1	1	1	1	1	1	1	1	1	1	1	1	1	1	1	1	1	1	1	1	1	1	1	1	1	1	2	2	2	3	5	5	5	7	12	24	35	35	47	47	53	84	84	84	96	98	98	98	103	107	107	107	107	114	114	114	115	117	119	119	119	122	122	122	122	122	122	122	122	122	122	122	122	122	122
捷克共和国	Czech Republic	0	0	0	0	0	0	0	0	0	0	0	0	0	0	0	0	0	0	0	0	0	0	0	0	0	0	0	0	0	0	0	0	0	0	0	0	0	0	0	0	0	0	0	0	0	0	0	0	0	0	0	0	3	4	5	8	12	18	21	38	40	61	91	96	141	189	253	344	344	572	774	833	1047	1165	1289	1497	1654	2062	2422	2697	2878	3002	3330	3604	3869	4194	4475	4591	4828	5033	5335	5589	5735	5905	5991	6059	6151	6303	6437	6553	6657	6787	6914	7041	7136	7188	7273
津巴布韦	Zimbabwe	0	0	0	0	0	0	0	0	0	0	0	0	0	0	0	0	0	0	0	0	0	0	0	0	0	0	0	0	0	0	0	0	0	0	0	0	0	0	0	0	0	0	0	0	0	0	0	0	0	0	0	0	0	0	0	0	0	0	0	0	0	0	0	0	0	0	0	0	0	0	0	2	2	2	2	3	3	5	7	7	7	8	8	8	9	9	9	9	10	11	11	11	11	14	14	17	18	23	24	24	25	25	25	28	28	29	29
喀麦隆	Cameroon	0	0	0	0	0	0	0	0	0	0	0	0	0	0	0	0	0	0	0	0	0	0	0	0	0	0	0	0	0	0	0	0	0	0	0	0	0	0	0	0	0	0	0	0	0	0	0	0	0	0	0	0	0	0	0	0	1	2	2	2	2	2	2	2	3	3	5	10	10	13	21	27	27	56	56	66	75	88	94	113	142	193	233	294	306	509	555	658	658	685	730	803	820	820	848	848	848	848	996	1017	1017	1017	1163	1163	1163	1430	1518
卡塔尔	Qatar	0	0	0	0	0	0	0	0	0	0	0	0	0	0	0	0	0	0	0	0	0	0	0	0	0	0	0	0	0	0	0	0	0	0	0	0	0	0	0	0	0	0	0	0	0	0	0	0	0	0	1	1	1	1	7	7	11	11	11	18	18	24	262	262	338	338	401	439	439	452	452	470	481	494	501	526	537	549	562	590	634	693	781	835	949	1075	1325	1604	1832	2210	2376	2512	2728	2979	3231	3428	3711	4103	4663	5008	5448	6015	6533	7141	7764	8525	9358
开曼群岛	Cayman Islands	0	0	0	0	0	0	0	0	0	0	0	0	0	0	0	0	0	0	0	0	0	0	0	0	0	0	0	0	0	0	0	0	0	0	0	0	0	0	0	0	0	0	0	0	0	0	0	0	0	0	0	0	0	0	0	0	0	0	0	0	0	0	0	0	0	0	0	0	0	0	0	0	0	0	0	0	0	0	0	0	0	0	0	0	0	0	0	0	0	0	0	0	0	0	0	0	0	0	0	0	0	0	0	0	0	0	0
科科斯群岛	Cocos Islands	0	0	0	0	0	0	0	0	0	0	0	0	0	0	0	0	0	0	0	0	0	0	0	0	0	0	0	0	0	0	0	0	0	0	0	0	0	0	0	0	0	0	0	0	0	0	0	0	0	0	0	0	0	0	0	0	0	0	0	0	0	0	0	0	0	0	0	0	0	0	0	0	0	0	0	0	0	0	0	0	0	0	0	0	0	0	0	0	0	0	0	0	0	0	0	0	0	0	0	0	0	0	0	0	0	0	0
科摩罗	Comoros	0	0	0	0	0	0	0	0	0	0	0	0	0	0	0	0	0	0	0	0	0	0	0	0	0	0	0	0	0	0	0	0	0	0	0	0	0	0	0	0	0	0	0	0	0	0	0	0	0	0	0	0	0	0	0	0	0	0	0	0	0	0	0	0	0	0	0	0	0	0	0	0	0	0	0	0	0	0	0	0	0	0	0	0	0	0	0	0	0	0	0	0	0	0	0	0	0	0	0	0	0	0	0	0	0	0	0
科索沃	Kosovo	0	0	0	0	0	0	0	0	0	0	0	0	0	0	0	0	0	0	0	0	0	0	0	0	0	0	0	0	0	0	0	0	0	0	0	0	0	0	0	0	0	0	0	0	0	0	0	0	0	0	0	0	0	0	0	0	0	0	0	0	0	0	0	0	0	0	0	0	0	0	0	0	0	0	0	0	0	0	0	0	0	0	0	0	0	0	0	0	0	0	0	0	0	0	0	0	0	0	0	0	0	0	0	0	0	0	0
科特迪瓦	Côte d'Ivoire	0	0	0	0	0	0	0	0	0	0	0	0	0	0	0	0	0	0	0	0	0	0	0	0	0	0	0	0	0	0	0	0	0	0	0	0	0	0	0	0	0	0	0	0	0	0	0	0	0	0	0	0	0	0	0	0	0	0	0	0	0	0	1	1	1	4	4	6	6	6	6	14	14	14	14	73	73	96	101	101	165	168	179	190	194	218	245	261	323	349	384	444	444	553	574	626	638	654	688	742	801	847	879	916	952	1004	1077
科威特	Kuwait	0	0	0	0	0	0	0	0	0	0	0	0	0	0	0	0	0	0	0	0	0	0	0	0	0	0	0	0	0	0	0	0	0	0	0	0	0	0	0	0	0	0	0	0	0	3	8	25	43	45	45	46	56	56	56	58	58	58	58	58	69	69	69	80	100	100	123	130	142	148	159	176	176	189	191	195	208	225	235	255	266	289	317	342	417	479	556	665	743	855	910	993	1154	1234	1300	1355	1405	1524	1658	1751	1915	1995	2080	2248	2399	2614	2892
克利珀顿岛	Clipperton Island	0	0	0	0	0	0	0	0	0	0	0	0	0	0	0	0	0	0	0	0	0	0	0	0	0	0	0	0	0	0	0	0	0	0	0	0	0	0	0	0	0	0	0	0	0	0	0	0	0	0	0	0	0	0	0	0	0	0	0	0	0	0	0	0	0	0	0	0	0	0	0	0	0	0	0	0	0	0	0	0	0	0	0	0	0	0	0	0	0	0	0	0	0	0	0	0	0	0	0	0	0	0	0	0	0	0	0
克罗地亚	Croatia	0	0	0	0	0	0	0	0	0	0	0	0	0	0	0	0	0	0	0	0	0	0	0	0	0	0	0	0	0	0	0	0	0	0	0	0	0	0	0	0	0	0	0	0	0	0	1	1	3	3	3	7	8	9	9	10	10	12	12	13	13	15	19	31	37	46	46	57	57	102	102	102	102	102	315	315	442	442	586	586	713	867	963	1011	1011	1126	1182	1182	1282	1343	1407	1495	1534	1600	1660	1704	1741	1791	1814	1832	11871	1881	1908	1950	1981	2009	2016
肯尼亚	Kenya	0	0	0	0	0	0	0	0	0	0	0	0	0	0	0	0	0	0	0	0	0	0	0	0	0	0	0	0	0	0	0	0	0	0	0	0	0	0	0	0	0	0	0	0	0	0	0	0	0	0	0	0	0	0	0	0	0	0	0	0	0	0	0	1	1	3	3	4	4	4	4	4	4	15	15	28	31	31	38	42	50	59	81	110	122	126	142	158	172	172	184	189	189	197	208	216	225	234	246	262	270	281	296	303	320	336	343
库克群岛	Cook Islands	0	0	0	0	0	0	0	0	0	0	0	0	0	0	0	0	0	0	0	0	0	0	0	0	0	0	0	0	0	0	0	0	0	0	0	0	0	0	0	0	0	0	0	0	0	0	0	0	0	0	0	0	0	0	0	0	0	0	0	0	0	0	0	0	0	0	0	0	0	0	0	0	0	0	0	0	0	0	0	0	0	0	0	0	0	0	0	0	0	0	0	0	0	0	0	0	0	0	0	0	0	0	0	0	0	0	0
库拉索	Curaçao	0	0	0	0	0	0	0	0	0	0	0	0	0	0	0	0	0	0	0	0	0	0	0	0	0	0	0	0	0	0	0	0	0	0	0	0	0	0	0	0	0	0	0	0	0	0	0	0	0	0	0	0	0	0	0	0	0	0	0	0	0	0	0	0	0	0	0	0	0	0	0	0	0	0	0	0	0	0	0	0	0	0	0	0	0	0	0	0	0	0	0	0	0	0	0	0	0	0	0	0	0	0	0	0	0	0	0
拉托维亚	Latvia	0	0	0	0	0	0	0	0	0	0	0	0	0	0	0	0	0	0	0	0	0	0	0	0	0	0	0	0	0	0	0	0	0	0	0	0	0	0	0	0	0	0	0	0	0	0	0	0	0	0	0	0	0	1	1	1	1	1	1	6	8	8	10	16	18	30	30	34	49	49	86	111	124	139	139	197	221	244	280	305	347	376	376	446	493	509	533	542	548	577	589	612	612	651	655	657	666	675	682	712	727	739	748	761	778	784	784
莱索托	Lesotho	0	0	0	0	0	0	0	0	0	0	0	0	0	0	0	0	0	0	0	0	0	0	0	0	0	0	0	0	0	0	0	0	0	0	0	0	0	0	0	0	0	0	0	0	0	0	0	0	0	0	0	0	0	0	0	0	0	0	0	0	0	0	0	0	0	0	0	0	0	0	0	0	0	0	0	0	0	0	0	0	0	0	0	0	0	0	0	0	0	0	0	0	0	0	0	0	0	0	0	0	0	0	0	0	0	0	0
老挝	Laos	0	0	0	0	0	0	0	0	0	0	0	0	0	0	0	0	0	0	0	0	0	0	0	0	0	0	0	0	0	0	0	0	0	0	0	0	0	0	0	0	0	0	0	0	0	0	0	0	0	0	0	0	0	0	0	0	0	0	0	0	0	0	0	0	0	0	0	0	0	0	0	0	0	0	2	3	6	6	6	6	8	8	10	10	10	10	11	12	14	15	16	16	16	19	19	19	19	19	19	19	19	19	19	27	19	19	19
黎巴嫩	Lebanon	0	0	0	0	0	0	0	0	0	0	0	0	0	0	0	0	0	0	0	0	0	0	0	0	0	0	0	0	0	0	0	0	0	0	0	0	0	0	0	0	0	0	1	1	1	1	1	1	3	3	3	3	3	3	3	15	15	15	28	32	32	52	52	77	93	99	100	100	100	149	163	206	245	256	267	333	368	391	412	438	446	463	479	494	508	520	527	527	548	575	582	609	609	630	632	641	658	663	668	672	673	677	677	682	688	696	696
里海	Caspian Sea	0	0	0	0	0	0	0	0	0	0	0	0	0	0	0	0	0	0	0	0	0	0	0	0	0	0	0	0	0	0	0	0	0	0	0	0	0	0	0	0	0	0	0	0	0	0	0	0	0	0	0	0	0	0	0	0	0	0	0	0	0	0	0	0	0	0	0	0	0	0	0	0	0	0	0	0	0	0	0	0	0	0	0	0	0	0	0	0	0	0	0	0	0	0	0	0	0	0	0	0	0	0	0	0	0	0	0
立陶宛	Lithuania	0	0	0	0	0	0	0	0	0	0	0	0	0	0	0	0	0	0	0	0	0	0	0	0	0	0	0	0	0	0	0	0	0	0	0	0	0	0	0	0	0	0	0	0	0	0	0	0	0	1	1	1	1	1	1	1	1	1	1	1	1	3	3	3	6	8	12	17	22	33	33	63	101	160	160	209	255	290	358	382	467	491	533	649	696	771	811	843	880	912	955	999	1026	1053	1062	1070	1091	1128	1149	1239	1298	1326	1350	1370	1398	1410	1426
利比里亚	Liberia	0	0	0	0	0	0	0	0	0	0	0	0	0	0	0	0	0	0	0	0	0	0	0	0	0	0	0	0	0	0	0	0	0	0	0	0	0	0	0	0	0	0	0	0	0	0	0	0	0	0	0	0	0	0	0	0	0	0	0	0	0	0	0	0	0	0	1	1	1	1	1	3	3	3	3	3	3	3	3	3	3	3	6	6	6	10	13	14	14	14	31	31	31	50	51	59	59	59	76	76	76	91	101	101	101	117	120
利比亚	Libya	0	0	0	0	0	0	0	0	0	0	0	0	0	0	0	0	0	0	0	0	0	0	0	0	0	0	0	0	0	0	0	0	0	0	0	0	0	0	0	0	0	0	0	0	0	0	0	0	0	0	0	0	0	0	0	0	0	0	0	0	0	0	0	0	0	0	0	1	1	1	1	1	1	1	1	1	1	1	1	1	1	8	8	10	11	17	18	18	19	21	21	24	24	25	25	26	35	48	49	49	49	51	51	59	60	60	61
列支敦士登	Liechtenstein	0	0	0	0	0	0	0	0	0	0	0	0	0	0	0	0	0	0	0	0	0	0	0	0	0	0	0	0	0	0	0	0	0	0	0	0	0	0	0	0	0	0	0	0	0	0	0	0	0	0	0	0	0	0	0	0	0	0	1	1	1	1	1	1	1	1	1	1	1	1	1	1	1	1	51	51	51	51	56	56	56	64	64	64	64	75	64	64	64	64	64	64	64	79	79	79	79	79	79	79	79	79	79	79	79	79	79
留尼汪	Reunion	0	0	0	0	0	0	0	0	0	0	0	0	0	0	0	0	0	0	0	0	0	0	0	0	0	0	0	0	0	0	0	0	0	0	0	0	0	0	0	0	0	0	0	0	0	0	0	0	0	0	0	0	0	0	0	0	0	0	0	0	0	0	0	0	0	0	0	0	0	0	0	0	0	0	0	0	0	0	0	0	0	0	0	0	0	0	0	0	0	0	0	0	0	0	0	0	0	0	0	0	0	0	0	0	0	0	0
卢森堡	Luxembourg	0	0	0	0	0	0	0	0	0	0	0	0	0	0	0	0	0	0	0	0	0	0	0	0	0	0	0	0	0	0	0	0	0	0	0	0	0	0	0	0	0	0	0	0	0	0	0	0	0	0	0	1	1	1	1	1	1	3	3	5	5	5	7	7	7	59	81	81	203	335	484	670	798	875	875	1099	1333	1453	1605	1831	1988	1988	2178	2319	2487	2612	2729	2804	2843	2970	3034	3115	3223	3270	3281	3292	3307	3373	3444	3480	3537	3550	3558	3618	3654	3665	3695
卢旺达	Rwanda	0	0	0	0	0	0	0	0	0	0	0	0	0	0	0	0	0	0	0	0	0	0	0	0	0	0	0	0	0	0	0	0	0	0	0	0	0	0	0	0	0	0	0	0	0	0	0	0	0	0	0	0	0	0	0	0	0	0	0	0	0	0	0	0	0	1	5	7	7	11	11	17	17	17	36	40	41	50	54	60	70	70	75	82	84	89	102	104	105	105	110	113	113	120	126	127	134	136	138	143	144	147	147	150	153	154	176
罗马尼亚	Romania	0	0	0	0	0	0	0	0	0	0	0	0	0	0	0	0	0	0	0	0	0	0	0	0	0	0	0	0	0	0	0	0	0	0	0	0	0	0	0	0	0	0	0	0	0	0	0	0	1	3	3	3	3	3	4	6	6	9	13	17	17	28	49	70	97	123	123	158	158	158	277	308	308	308	576	762	907	907	1452	1760	1952	2245	2460	2738	3183	3613	3864	4057	4417	4761	5202	5467	5990	6300	6633	6879	7216	7707	8067	8418	8746	8936	9242	9710	10096	10417	10635
马达加斯加	Madagascar	0	0	0	0	0	0	0	0	0	0	0	0	0	0	0	0	0	0	0	0	0	0	0	0	0	0	0	0	0	0	0	0	0	0	0	0	0	0	0	0	0	0	0	0	0	0	0	0	0	0	0	0	0	0	0	0	0	0	0	0	0	0	0	0	0	0	0	0	0	0	0	3	3	12	12	19	19	24	28	43	43	46	57	57	59	70	72	72	82	93	93	93	93	106	106	108	108	111	117	120	120	121	121	121	121	122	123
马恩岛	Isle of Man	0	0	0	0	0	0	0	0	0	0	0	0	0	0	0	0	0	0	0	0	0	0	0	0	0	0	0	0	0	0	0	0	0	0	0	0	0	0	0	0	0	0	0	0	0	0	0	0	0	0	0	0	0	0	0	0	0	0	0	0	0	0	0	0	0	0	0	0	0	0	0	0	0	0	0	0	0	0	0	0	0	0	0	0	0	0	0	0	0	0	0	0	0	0	0	0	0	0	0	0	0	0	0	0	0	0	0
马尔代夫	Maldives	0	0	0	0	0	0	0	0	0	0	0	0	0	0	0	0	0	0	0	0	0	0	0	0	0	0	0	0	0	0	0	0	0	0	0	0	0	0	0	0	0	0	0	0	0	0	0	0	0	0	0	0	0	0	0	0	0	0	2	6	6	6	6	9	10	13	13	13	13	13	13	13	13	13	13	13	13	13	13	13	17	18	18	18	18	19	19	19	19	19	19	19	19	20	20	20	21	23	28	34	51	67	83	86	94	116	137
马耳他	Malta	0	0	0	0	0	0	0	0	0	0	0	0	0	0	0	0	0	0	0	0	0	0	0	0	0	0	0	0	0	0	0	0	0	0	0	0	0	0	0	0	0	0	0	0	0	0	0	0	0	0	0	0	0	0	0	0	0	0	1	1	1	5	6	6	6	18	18	18	18	38	38	38	38	38	38	38	38	38	139	134	134	156	188	196	202	213	227	241	293	299	337	350	350	378	384	393	399	412	422	426	427	431	443	444	445	447	448
马拉维	Malawi	0	0	0	0	0	0	0	0	0	0	0	0	0	0	0	0	0	0	0	0	0	0	0	0	0	0	0	0	0	0	0	0	0	0	0	0	0	0	0	0	0	0	0	0	0	0	0	0	0	0	0	0	0	0	0	0	0	0	0	0	0	0	0	0	0	0	0	0	0	0	0	0	0	0	0	0	0	0	0	0	0	0	0	0	0	4	4	5	5	8	8	8	8	12	13	16	16	16	16	17	17	17	18	23	33	33	33
马来西亚	Malaysia	0	0	0	0	0	0	0	0	0	0	0	0	0	0	0	3	4	4	4	7	8	8	8	8	8	10	12	14	15	16	17	18	18	18	19	19	21	22	22	22	22	22	22	22	22	22	22	22	23	23	23	29	29	36	50	55	83	83	93	117	129	129	158	158	238	428	553	673	790	900	1030	1183	1306	1518	1624	1796	2031	2161	2320	2470	2626	2766	2908	3116	3333	3483	3662	3793	3963	4119	4228	4346	4530	4683	4817	4987	5072	5182	5251	5305	5389	5425	5482	5532	5603	5691	5742
马里	Mali	0	0	0	0	0	0	0	0	0	0	0	0	0	0	0	0	0	0	0	0	0	0	0	0	0	0	0	0	0	0	0	0	0	0	0	0	0	0	0	0	0	0	0	0	0	0	0	0	0	0	0	0	0	0	0	0	0	0	0	0	0	0	0	0	0	0	0	0	0	0	0	0	0	0	0	2	2	4	18	18	25	28	31	31	39	41	41	47	47	59	59	87	87	116	123	123	148	148	171	258	216	1225	258	488	488	488	488
马其顿	Macedonia	0	0	0	0	0	0	0	0	0	0	0	0	0	0	0	0	0	0	0	0	0	0	0	0	0	0	0	0	0	0	0	0	0	0	0	0	0	0	0	0	0	0	0	0	0	0	0	0	1	1	1	1	1	1	1	1	1	1	3	3	7	7	9	9	13	13	18	18	31	35	67	67	114	114	136	136	136	136	219	201	259	285	329	329	384	483	555	555	599	599	617	663	771	771	854	908	974	974	1117	1170	1207	224	1231	1259	1300	1326	1367
马绍尔群岛	Marshall Islands	0	0	0	0	0	0	0	0	0	0	0	0	0	0	0	0	0	0	0	0	0	0	0	0	0	0	0	0	0	0	0	0	0	0	0	0	0	0	0	0	0	0	0	0	0	0	0	0	0	0	0	0	0	0	0	0	0	0	0	0	0	0	0	0	0	0	0	0	0	0	0	0	0	0	0	0	0	0	0	0	0	0	0	0	0	0	0	0	0	0	0	0	0	0	0	0	0	0	0	0	0	0	0	0	0	0	0
马提尼克岛	Martinique	0	0	0	0	0	0	0	0	0	0	0	0	0	0	0	0	0	0	0	0	0	0	0	0	0	0	0	0	0	0	0	0	0	0	0	0	0	0	0	0	0	0	0	0	0	0	0	0	0	0	0	0	0	0	0	0	0	0	0	0	0	0	0	0	0	0	0	0	0	0	0	0	0	0	0	0	0	0	44	66	66	66	66	66	66	66	66	66	66	66	66	66	66	66	66	66	66	66	66	66	66	66	66	66	66	66	66
马约特	Mayotte	0	0	0	0	0	0	0	0	0	0	0	0	0	0	0	0	0	0	0	0	0	0	0	0	0	0	0	0	0	0	0	0	0	0	0	0	0	0	0	0	0	0	0	0	0	0	0	0	0	0	0	0	0	0	0	0	0	0	0	0	0	0	0	0	0	0	0	0	0	0	0	0	0	0	0	0	0	0	0	0	0	0	0	0	0	0	0	0	0	0	0	0	0	0	0	0	0	0	0	0	0	0	0	0	0	0	0
毛里求斯	Mauritius	0	0	0	0	0	0	0	0	0	0	0	0	0	0	0	0	0	0	0	0	0	0	0	0	0	0	0	0	0	0	0	0	0	0	0	0	0	0	0	0	0	0	0	0	0	0	0	0	0	0	0	0	0	0	0	0	0	0	0	0	0	0	0	0	0	0	0	0	0	3	7	14	24	24	36	48	52	94	102	102	102	143	147	161	169	196	227	227	268	273	314	314	314	324	324	324	324	324	324	325	328	328	328	328	329	331	331
毛里塔尼亚	Mauritania	0	0	0	0	0	0	0	0	0	0	0	0	0	0	0	0	0	0	0	0	0	0	0	0	0	0	0	0	0	0	0	0	0	0	0	0	0	0	0	0	0	0	0	0	0	0	0	0	0	0	0	0	0	0	0	0	0	0	0	0	0	0	0	0	0	1	1	1	1	1	2	2	2	2	2	2	3	3	5	5	5	6	6	6	6	6	6	6	6	6	7	7	7	7	7	7	7	7	7	7	7	7	7	7	7	7	7
美国	United States	0	0	0	0	0	0	0	0	0	0	0	0	1	1	2	2	3	5	5	5	5	6	6	8	9	11	11	12	12	12	12	12	13	13	14	15	15	15	15	15	15	15	15	34	34	34	53	53	54	60	62	62	77	96	122	160	236	324	445	572	849	1004	1004	1635	2084	2885	3774	4661	6552	10259	14250	19624	26747	40961	46450	55041	69197	85840	104839	124763	143836	164785	189800	216768	245573	279500	312249	337971	368533	399979	432554	466396	501701	530203	558526	587752	609696	639733	672246	710272	735366	760570	788920	826184	849092	886709	906551
美国维尔京群岛	Virgin Islands, U.S.	0	0	0	0	0	0	0	0	0	0	0	0	0	0	0	0	0	0	0	0	0	0	0	0	0	0	0	0	0	0	0	0	0	0	0	0	0	0	0	0	0	0	0	0	0	0	0	0	0	0	0	0	0	0	0	0	0	0	0	0	0	0	0	0	0	0	0	0	0	0	0	0	0	0	0	0	0	0	0	0	0	0	0	0	0	0	0	0	0	0	0	0	0	0	0	0	0	0	0	0	0	0	0	0	0	0	0
美国小离岛	United States Minor Outlying Islands	0	0	0	0	0	0	0	0	0	0	0	0	0	0	0	0	0	0	0	0	0	0	0	0	0	0	0	0	0	0	0	0	0	0	0	0	0	0	0	0	0	0	0	0	0	0	0	0	0	0	0	0	0	0	0	0	0	0	0	0	0	0	0	0	0	0	0	0	0	0	0	0	0	0	0	0	0	0	0	0	0	0	0	0	0	0	0	0	0	0	0	0	0	0	0	0	0	0	0	0	0	0	0	0	0	0	0
美属萨摩亚	American Samoa	0	0	0	0	0	0	0	0	0	0	0	0	0	0	0	0	0	0	0	0	0	0	0	0	0	0	0	0	0	0	0	0	0	0	0	0	0	0	0	0	0	0	0	0	0	0	0	0	0	0	0	0	0	0	0	0	0	0	0	0	0	0	0	0	0	0	0	0	0	0	0	0	0	0	0	0	0	0	0	0	0	0	0	0	0	0	0	0	0	0	0	0	0	0	0	0	0	0	0	0	0	0	0	0	0	0	0
蒙古	Mongolia	0	0	0	0	0	0	0	0	0	0	0	0	0	0	0	0	0	0	0	0	0	0	0	0	0	0	0	0	0	0	0	0	0	0	0	0	0	0	0	0	0	0	0	0	0	0	0	0	0	0	0	0	0	0	0	0	0	0	0	0	1	1	1	1	1	1	1	4	6	6	6	10	10	10	10	10	11	11	12	12	12	12	14	14	14	14	14	15	15	16	16	16	16	16	17	30	30	31	31	31	32	33	34	35	35	36	37
蒙特塞拉特	Montserrat	0	0	0	0	0	0	0	0	0	0	0	0	0	0	0	0	0	0	0	0	0	0	0	0	0	0	0	0	0	0	0	0	0	0	0	0	0	0	0	0	0	0	0	0	0	0	0	0	0	0	0	0	0	0	0	0	0	0	0	0	0	0	0	0	0	0	0	0	0	0	0	0	0	0	0	0	0	0	2	2	2	2	2	2	2	6	6	6	6	2	2	2	2	2	2	2	2	2	2	2	2	2	2	2	2	2	2
孟加拉国	Bangladesh	0	0	0	0	0	0	0	0	0	0	0	0	0	0	0	0	0	0	0	0	0	0	0	0	0	0	0	0	0	0	0	0	0	0	0	0	0	0	0	0	0	0	0	0	0	0	0	0	0	0	0	0	0	0	0	0	0	0	0	0	3	3	3	3	3	5	8	8	16	16	16	24	27	33	33	33	44	48	48	48	49	51	54	56	56	70	88	117	164	218	330	424	424	621	803	1012	1231	1572	1838	2144	2456	2948	3382	3772	4186	4689	4998
秘鲁	Peru	0	0	0	0	0	0	0	0	0	0	0	0	0	0	0	0	0	0	0	0	0	0	0	0	0	0	0	0	0	0	0	0	0	0	0	0	0	0	0	0	0	0	0	0	0	0	0	0	0	0	0	0	0	0	0	0	1	1	6	6	6	6	6	22	28	28	71	71	117	145	234	263	318	363	395	395	480	580	635	671	852	950	1065	1323	1414	1595	1746	2281	2561	2954	4342	5256	5897	6848	7519	9784	10303	11475	12491	13699	14420	15628	16325	17837	19250	20914	21648
密克罗尼西亚	Micronesia	0	0	0	0	0	0	0	0	0	0	0	0	0	0	0	0	0	0	0	0	0	0	0	0	0	0	0	0	0	0	0	0	0	0	0	0	0	0	0	0	0	0	0	0	0	0	0	0	0	0	0	0	0	0	0	0	0	0	0	0	0	0	0	0	0	0	0	0	0	0	0	0	0	0	0	0	0	0	0	0	0	0	0	0	0	0	0	0	0	0	0	0	0	0	0	0	0	0	0	0	0	0	0	0	0	0	0
缅甸	Myanmar	0	0	0	0	0	0	0	0	0	0	0	0	0	0	0	0	0	0	0	0	0	0	0	0	0	0	0	0	0	0	0	0	0	0	0	0	0	0	0	0	0	0	0	0	0	0	0	0	0	0	0	0	0	0	0	0	0	0	0	0	0	0	0	0	0	0	0	0	0	0	0	0	0	0	2	3	3	5	8	8	14	15	16	20	20	21	21	22	22	22	23	27	27	39	41	62	74	85	85	107	107	111	119	121	127	139	144
摩尔多瓦	Moldova	0	0	0	0	0	0	0	0	0	0	0	0	0	0	0	0	0	0	0	0	0	0	0	0	0	0	0	0	0	0	0	0	0	0	0	0	0	0	0	0	0	0	0	0	0	0	0	0	0	0	0	0	0	0	0	0	0	0	0	1	1	1	3	6	8	12	23	23	30	36	49	66	80	109	109	125	149	177	199	231	231	298	353	423	505	752	752	864	965	1056	1174	1289	1438	1560	1662	1847	1934	2049	2154	2378	2378	2472	2614	2614	2926	2926	3110
摩洛哥	Morocco	0	0	0	0	0	0	0	0	0	0	0	0	0	0	0	0	0	0	0	0	0	0	0	0	0	0	0	0	0	0	0	0	0	0	0	0	0	0	0	0	0	0	0	0	0	0	0	0	0	0	0	0	0	1	1	2	2	2	2	2	3	3	6	6	7	28	29	37	49	58	66	79	96	122	143	170	225	275	358	437	479	574	638	676	735	858	961	1113	1141	1242	1346	1431	1527	1617	1746	1838	1988	2251	2528	2670	2820	2990	3186	3377	3537	3692	3889
摩纳哥	Monaco	0	0	0	0	0	0	0	0	0	0	0	0	0	0	0	0	0	0	0	0	0	0	0	0	0	0	0	0	0	0	0	0	0	0	0	0	0	0	0	0	0	0	0	0	0	0	0	0	0	0	1	1	1	1	1	1	1	1	1	1	1	1	2	2	2	3	7	9	9	9	11	12	18	23	23	27	31	33	42	43	43	49	52	55	60	64	66	73	77	79	81	84	84	92	93	93	93	93	93	94	94	94	94	94	94	94	94
莫桑比克	Mozambique	0	0	0	0	0	0	0	0	0	0	0	0	0	0	0	0	0	0	0	0	0	0	0	0	0	0	0	0	0	0	0	0	0	0	0	0	0	0	0	0	0	0	0	0	0	0	0	0	0	0	0	0	0	0	0	0	0	0	0	0	0	0	0	0	0	0	0	0	0	0	0	0	0	1	1	3	5	7	8	8	8	8	8	10	10	10	10	10	10	10	17	17	17	21	21	21	28	29	31	39	39	39	39	39	41	46	70
墨西哥	Mexico	0	0	0	0	0	0	0	0	0	0	0	0	0	0	0	0	0	0	0	0	0	0	0	0	0	0	0	0	0	0	0	0	0	0	0	0	0	0	0	0	0	0	0	0	0	0	0	0	0	1	3	4	5	5	5	5	5	6	7	7	7	7	11	15	26	41	53	82	93	118	164	203	252	252	367	405	475	585	717	848	993	1094	1215	1378	1510	1688	1890	2143	2439	2785	3181	3441	3844	4219	4661	5014	5399	5847	6297	6875	7497	8261	8772	9501	10544	11633	12872
纳米比亚	Namibia	0	0	0	0	0	0	0	0	0	0	0	0	0	0	0	0	0	0	0	0	0	0	0	0	0	0	0	0	0	0	0	0	0	0	0	0	0	0	0	0	0	0	0	0	0	0	0	0	0	0	0	0	0	0	0	0	0	0	0	0	0	0	0	0	0	0	2	2	2	2	2	2	2	2	2	7	7	8	8	11	11	11	11	13	14	14	16	16	16	16	16	16	16	16	16	16	16	16	16	16	16	16	16	16	16	16	16
南非	South Africa	0	0	0	0	0	0	0	0	0	0	0	0	0	0	0	0	0	0	0	0	0	0	0	0	0	0	0	0	0	0	0	0	0	0	0	0	0	0	0	0	0	0	0	0	0	0	0	0	0	0	0	0	0	0	0	1	1	1	2	2	2	7	17	24	24	51	61	62	116	150	202	240	240	402	554	709	709	927	1170	1187	1280	1326	1353	1380	1462	1505	1585	1655	1686	1749	1845	2003	2003	2028	2173	2415	2415	2506	2605	2783	3034	3158	3300	3465	3635	3953	4220
南极洲	Antarctica	0	0	0	0	0	0	0	0	0	0	0	0	0	0	0	0	0	0	0	0	0	0	0	0	0	0	0	0	0	0	0	0	0	0	0	0	0	0	0	0	0	0	0	0	0	0	0	0	0	0	0	0	0	0	0	0	0	0	0	0	0	0	0	0	0	0	0	0	0	0	0	0	0	0	0	0	0	0	0	0	0	0	0	0	0	0	0	0	0	0	0	0	0	0	0	0	0	0	0	0	0	0	0	0	0	0	0
南乔治亚岛和南桑威奇群岛	South Georgia and the South Sandwich Islands	0	0	0	0	0	0	0	0	0	0	0	0	0	0	0	0	0	0	0	0	0	0	0	0	0	0	0	0	0	0	0	0	0	0	0	0	0	0	0	0	0	0	0	0	0	0	0	0	0	0	0	0	0	0	0	0	0	0	0	0	0	0	0	0	0	0	0	0	0	0	0	0	0	0	0	0	0	0	0	0	0	0	0	0	0	0	0	0	0	0	0	0	0	0	0	0	0	0	0	0	0	0	0	0	0	0	0
南沙群岛	Spratly Islands	0	0	0	0	0	0	0	0	0	0	0	0	0	0	0	0	0	0	0	0	0	0	0	0	0	0	0	0	0	0	0	0	0	0	0	0	0	0	0	0	0	0	0	0	0	0	0	0	0	0	0	0	0	0	0	0	0	0	0	0	0	0	0	0	0	0	0	0	0	0	0	0	0	0	0	0	0	0	0	0	0	0	0	0	0	0	0	0	0	0	0	0	0	0	0	0	0	0	0	0	0	0	0	0	0	0	0
南苏丹	South Sudan	0	0	0	0	0	0	0	0	0	0	0	0	0	0	0	0	0	0	0	0	0	0	0	0	0	0	0	0	0	0	0	0	0	0	0	0	0	0	0	0	0	0	0	0	0	0	0	0	0	0	0	0	0	0	0	0	0	0	0	0	0	0	0	0	0	0	0	0	0	0	0	0	0	0	0	0	0	0	0	0	0	0	0	0	0	0	0	0	0	2	2	3	3	3	4	4	4	4	4	4	4	4	4	4	4	5	5
瑙鲁	Nauru	0	0	0	0	0	0	0	0	0	0	0	0	0	0	0	0	0	0	0	0	0	0	0	0	0	0	0	0	0	0	0	0	0	0	0	0	0	0	0	0	0	0	0	0	0	0	0	0	0	0	0	0	0	0	0	0	0	0	0	0	0	0	0	0	0	0	0	0	0	0	0	0	0	0	0	0	0	0	0	0	0	0	0	0	0	0	0	0	0	0	0	0	0	0	0	0	0	0	0	0	0	0	0	0	0	0	0
尼泊尔	Nepal	0	0	0	0	0	0	0	0	0	0	0	0	0	0	1	1	1	1	1	1	1	1	1	1	1	1	1	1	1	1	1	1	1	1	1	1	1	1	1	1	1	1	1	1	1	1	1	1	1	1	1	1	1	1	1	1	1	1	1	1	1	1	1	1	1	1	1	1	1	1	1	1	1	2	2	2	2	4	5	5	5	5	5	6	6	9	9	9	9	9	9	9	9	12	14	16	16	16	30	31	31	31	43	45	48	48	49
尼加拉瓜	Nicaragua	0	0	0	0	0	0	0	0	0	0	0	0	0	0	0	0	0	0	0	0	0	0	0	0	0	0	0	0	0	0	0	0	0	0	0	0	0	0	0	0	0	0	0	0	0	0	0	0	0	0	0	0	0	0	0	0	0	0	0	0	0	0	0	0	0	0	0	0	0	1	1	1	1	1	1	1	1	1	2	2	2	4	4	4	4	4	4	4	6	6	6	7	7	9	9	9	9	9	9	9	9	10	10	10	10	11	11
尼日尔	Niger	0	0	0	0	0	0	0	0	0	0	0	0	0	0	0	0	0	0	0	0	0	0	0	0	0	0	0	0	0	0	0	0	0	0	0	0	0	0	0	0	0	0	0	0	0	0	0	0	0	0	0	0	0	0	0	0	0	0	0	0	0	0	0	0	0	0	0	0	0	0	1	1	1	1	1	7	7	8	10	10	18	27	34	74	74	120	144	184	253	278	342	410	410	491	529	548	570	584	609	627	639	648	655	657	873	671	671
尼日利亚	Nigeria	0	0	0	0	0	0	0	0	0	0	0	0	0	0	0	0	0	0	0	0	0	0	0	0	0	0	0	0	0	0	0	0	0	0	0	0	0	0	0	0	0	0	0	0	0	0	0	0	0	1	1	1	1	1	1	1	1	1	1	2	2	2	2	2	2	2	2	2	8	8	8	22	22	30	30	44	51	65	81	97	111	131	151	174	190	210	224	232	238	254	276	288	288	318	323	343	373	407	442	495	542	627	665	782	662	981	1095
纽埃	Niue	0	0	0	0	0	0	0	0	0	0	0	0	0	0	0	0	0	0	0	0	0	0	0	0	0	0	0	0	0	0	0	0	0	0	0	0	0	0	0	0	0	0	0	0	0	0	0	0	0	0	0	0	0	0	0	0	0	0	0	0	0	0	0	0	0	0	0	0	0	0	0	0	0	0	0	0	0	0	0	0	0	0	0	0	0	0	0	0	0	0	0	0	0	0	0	0	0	0	0	0	0	0	0	0	0	0	0
挪威	Norway	0	0	0	0	0	0	0	0	0	0	0	0	0	0	0	0	0	0	0	0	0	0	0	0	0	0	0	0	0	0	0	0	0	0	0	0	0	0	0	0	0	0	0	0	0	0	0	0	1	4	7	15	19	32	33	56	86	113	147	169	169	277	489	703	750	1046	1234	1331	1331	1562	1758	1939	2150	2262	2573	2796	3041	3315	3771	4235	4393	4599	1828	5083	5255	5519	5686	5760	5866	6086	6160	6233	6360	6459	6527	6623	6740	6798	6937	7036	7078	7103	7191	7275	7361	7401	7493
诺福克岛	Norfolk Island	0	0	0	0	0	0	0	0	0	0	0	0	0	0	0	0	0	0	0	0	0	0	0	0	0	0	0	0	0	0	0	0	0	0	0	0	0	0	0	0	0	0	0	0	0	0	0	0	0	0	0	0	0	0	0	0	0	0	0	0	0	0	0	0	0	0	0	0	0	0	0	0	0	0	0	0	0	0	0	0	0	0	0	0	0	0	0	0	0	0	0	0	0	0	0	0	0	0	0	0	0	0	0	0	0	0	0
帕莱斯蒂娜	Palestina	0	0	0	0	0	0	0	0	0	0	0	0	0	0	0	0	0	0	0	0	0	0	0	0	0	0	0	0	0	0	0	0	0	0	0	0	0	0	0	0	0	0	0	0	0	0	0	0	0	0	0	0	0	0	0	0	0	0	0	0	0	0	0	0	0	0	0	0	0	0	0	0	0	0	0	0	0	0	0	0	0	0	0	0	0	0	0	0	0	0	0	0	0	0	0	0	0	0	0	0	0	0	0	0	0	0	0
帕劳	Palau	0	0	0	0	0	0	0	0	0	0	0	0	0	0	0	0	0	0	0	0	0	0	0	0	0	0	0	0	0	0	0	0	0	0	0	0	0	0	0	0	0	0	0	0	0	0	0	0	0	0	0	0	0	0	0	0	0	0	0	0	0	0	0	0	0	0	0	0	0	0	0	0	0	0	0	0	0	0	0	0	0	0	0	0	0	0	0	0	0	0	0	0	0	0	0	0	0	0	0	0	0	0	0	0	0	0	0
皮特凯恩群岛	Pitcairn Islands	0	0	0	0	0	0	0	0	0	0	0	0	0	0	0	0	0	0	0	0	0	0	0	0	0	0	0	0	0	0	0	0	0	0	0	0	0	0	0	0	0	0	0	0	0	0	0	0	0	0	0	0	0	0	0	0	0	0	0	0	0	0	0	0	0	0	0	0	0	0	0	0	0	0	0	0	0	0	0	0	0	0	0	0	0	0	0	0	0	0	0	0	0	0	0	0	0	0	0	0	0	0	0	0	0	0	0
葡萄牙	Portugal	0	0	0	0	0	0	0	0	0	0	0	0	0	0	0	0	0	0	0	0	0	0	0	0	0	0	0	0	0	0	0	0	0	0	0	0	0	0	0	0	0	0	0	0	0	0	0	0	0	0	0	0	0	0	2	5	5	8	15	30	30	30	59	59	59	112	245	448	448	642	642	1280	1600	2060	2362	2995	3544	4268	5170	5962	6408	7443	8251	9034	9886	10524	11278	11730	12442	13141	13956	15472	15987	16585	16934	17448	18091	18841	19022	19685	20206	20863	21379	21982	22353	22797	23392
日本	Japan	0	0	0	0	0	0	0	0	0	0	1	1	1	1	2	2	4	4	7	8	13	17	17	20	20	20	33	25	66	69	70	76	141	180	224	224	291	361	460	548	627	640	640	640	640	640	640	640	699	933	945	961	980	987	1010	1056	1113	420	463	514	581	620	657	711	746	818	835	880	919	959	1016	1054	1101	1140	1209	1307	1399	1515	1724	1893	1944	2222	2490	2769	3122	3438	3854	4083	4445	4961	5537	6134	6877	7399	7614	8167	8721	9292	9827	10311	10806	11154	11543	11965	12429	12859	13231
瑞典	Sweden	0	0	0	0	0	0	0	0	0	0	0	0	0	0	0	0	0	0	0	0	0	1	1	1	1	1	1	1	1	1	1	1	1	1	1	1	1	1	1	1	1	1	1	1	1	1	1	1	2	7	12	13	14	19	30	60	101	137	161	260	326	355	500	683	775	961	1023	1119	1119	1279	1423	1624	1746	1906	2016	2272	2510	3046	3069	3700	4028	4435	4947	5466	5568	6443	6830	7206	7693	8419	9141	9685	10151	10483	10948	11445	11927	12540	13216	13822	14385	14777	15322	16004	22353	17567	18177
瑞士	Switzerland	0	0	0	0	0	0	0	0	0	0	0	0	0	0	0	0	0	0	0	0	0	0	0	0	0	0	0	0	0	0	0	0	0	0	0	0	0	0	0	0	0	0	0	0	0	0	1	1	4	15	15	24	27	46	58	81	111	210	228	312	476	476	476	1009	1189	2220	2220	2269	3028	3438	4840	6113	7014	7014	8836	8836	10714	12161	13213	14593	15526	16176	17137	18267	19303	20278	21100	21652	22242	22789	23612	24308	24900	25300	25623	25913	26336	26732	27078	27404	27740	27944	28063	28268	28496	28677	28894
萨尔瓦多	El Salvador	0	0	0	0	0	0	0	0	0	0	0	0	0	0	0	0	0	0	0	0	0	0	0	0	0	0	0	0	0	0	0	0	0	0	0	0	0	0	0	0	0	0	0	0	0	0	0	0	0	0	0	0	0	0	0	0	0	0	0	0	0	0	0	0	0	0	0	0	0	1	1	1	1	1	1	1	1	1	9	13	13	30	30	30	30	30	30	30	78	93	103	117	117	125	137	149	159	164	177	177	201	218	225	237	250	261	274
萨摩亚	Samoa	0	0	0	0	0	0	0	0	0	0	0	0	0	0	0	0	0	0	0	0	0	0	0	0	0	0	0	0	0	0	0	0	0	0	0	0	0	0	0	0	0	0	0	0	0	0	0	0	0	0	0	0	0	0	0	0	0	0	0	0	0	0	0	0	0	0	0	0	0	0	0	0	0	0	0	0	0	0	0	0	0	0	0	0	0	0	0	0	0	0	0	0	0	0	0	0	0	0	0	0	0	0	0	0	0	0	0
塞尔维亚	Serbia	0	0	0	0	0	0	0	0	0	0	0	0	0	0	0	0	0	0	0	0	0	0	0	0	0	0	0	0	0	0	0	0	0	0	0	0	0	0	0	0	0	0	0	0	0	0	0	0	0	0	0	0	0	0	0	0	1	1	1	2	4	5	19	31	41	46	55	65	83	89	118	149	171	220	220	384	457	528	659	659	785	900	1060	1060	1171	1624	1908	2200	2200	2666	2867	3105	3380	3630	3630	4465	4465	4873	5690	5994	6318	6630	6890	7114	7276	7483	7779
塞拉利昂	Sierra Leone	0	0	0	0	0	0	0	0	0	0	0	0	0	0	0	0	0	0	0	0	0	0	0	0	0	0	0	0	0	0	0	0	0	0	0	0	0	0	0	0	0	0	0	0	0	0	0	0	0	0	0	0	0	0	0	0	0	0	0	0	0	0	0	0	0	0	0	0	0	0	0	0	0	0	0	0	0	0	0	0	0	0	1	2	0	2	4	4	6	6 	7	7	7	10	10	11	13	15	26	30	30	43	50	61	61	82	82
塞内加尔	Senegal	0	0	0	0	0	0	0	0	0	0	0	0	0	0	0	0	0	0	0	0	0	0	0	0	0	0	0	0	0	0	0	0	0	0	0	0	0	0	0	0	0	0	0	0	0	0	0	0	0	0	0	0	0	1	1	4	4	4	4	4	4	4	4	10	21	22	22	27	31	36	38	47	56	67	79	86	105	119	119	142	162	175	190	195	207	219	222	226	237	237	250	265	265	280	291	299	314	335	342	350	350	377	412	442	479	545	614
塞浦路斯	Cyprus	0	0	0	0	0	0	0	0	0	0	0	0	0	0	0	0	0	0	0	0	0	0	0	0	0	0	0	0	0	0	0	0	0	0	0	0	0	0	0	0	0	0	0	0	0	0	0	0	0	0	0	0	0	0	0	0	0	0	0	2	2	2	6	14	21	21	33	33	49	58	67	75	84	95	116	124	132	132	162	179	214	230	262	320	356	396	426	446	465	495	526	564	564	616	633	662	695	715	735	750	761	767	772	784	790	795	795
塞舌尔	Seychelles	0	0	0	0	0	0	0	0	0	0	0	0	0	0	0	0	0	0	0	0	0	0	0	0	0	0	0	0	0	0	0	0	0	0	0	0	0	0	0	0	0	0	0	0	0	0	0	0	0	0	0	0	0	0	0	0	0	0	0	0	0	0	0	0	0	2	2	4	4	4	4	4	4	4	4	4	4	4	5	5	5	8	10	10	10	10	10	10	11	11	11	11	11	11	11	11	11	11	11	11	11	11	11	11	11	11	11
沙特阿拉伯	Saudi Arabia	0	0	0	0	0	0	0	0	0	0	0	0	0	0	0	0	0	0	0	0	0	0	0	0	0	0	0	0	0	0	0	0	0	0	0	0	0	0	0	0	0	0	0	0	0	0	0	0	0	0	0	0	0	1	1	2	5	5	7	20	20	21	45	62	86	103	118	133	133	133	274	392	511	562	767	900	1012	1012	1203	1299	1453	1563	1563	1885	1885	2179	2385	2523	2795	2932	3287	3651	4033	4462	4934	5369	5862	6380	7142	8274	9362	10484	11631	12772	13930	15102	16299
圣巴塞莱米	Saint-Barthélemy	0	0	0	0	0	0	0	0	0	0	0	0	0	0	0	0	0	0	0	0	0	0	0	0	0	0	0	0	0	0	0	0	0	0	0	0	0	0	0	0	0	0	0	0	0	0	0	0	0	0	0	0	0	0	0	0	0	0	0	0	0	0	0	0	0	0	0	0	0	0	0	0	0	0	0	0	0	0	0	0	0	0	0	0	0	0	0	0	0	0	0	0	0	0	0	0	0	0	0	0	0	0	0	0	0	0	0
圣诞岛	Christmas Island	0	0	0	0	0	0	0	0	0	0	0	0	0	0	0	0	0	0	0	0	0	0	0	0	0	0	0	0	0	0	0	0	0	0	0	0	0	0	0	0	0	0	0	0	0	0	0	0	0	0	0	0	0	0	0	0	0	0	0	0	0	0	0	0	0	0	0	0	0	0	0	0	0	0	0	0	0	0	0	0	0	0	0	0	0	0	0	0	0	0	0	0	0	0	0	0	0	0	0	0	0	0	0	0	0	0	0
圣多美和普林西比	São Tomé and Príncipe	0	0	0	0	0	0	0	0	0	0	0	0	0	0	0	0	0	0	0	0	0	0	0	0	0	0	0	0	0	0	0	0	0	0	0	0	0	0	0	0	0	0	0	0	0	0	0	0	0	0	0	0	0	0	0	0	0	0	0	0	0	0	0	0	0	0	0	0	0	0	0	0	0	0	0	0	0	0	0	0	0	0	0	0	0	0	0	4	4	4	4	4	4	4	4	4	4	4	4	4	4	4	4	4	4	4	4
圣赫勒拿	Saint Helena	0	0	0	0	0	0	0	0	0	0	0	0	0	0	0	0	0	0	0	0	0	0	0	0	0	0	0	0	0	0	0	0	0	0	0	0	0	0	0	0	0	0	0	0	0	0	0	0	0	0	0	0	0	0	0	0	0	0	0	0	0	0	0	0	0	0	0	0	0	0	0	0	0	0	0	0	0	0	0	0	0	0	0	0	0	0	0	0	0	0	0	0	0	0	0	0	0	0	0	0	0	0	0	0	0	0	0
圣基茨和尼维斯	Saint Kitts and Nevis	0	0	0	0	0	0	0	0	0	0	0	0	0	0	0	0	0	0	0	0	0	0	0	0	0	0	0	0	0	0	0	0	0	0	0	0	0	0	0	0	0	0	0	0	0	0	0	0	0	0	0	0	0	0	0	0	0	0	0	0	0	0	0	0	0	0	0	0	0	0	0	0	0	0	0	0	0	0	0	2	2	2	2	2	2	0	10	10	11	11	11	11	11	12	12	12	14	14	14	14	14	15	15	15	15	15	15
圣卢西亚	Saint Lucia	0	0	0	0	0	0	0	0	0	0	0	0	0	0	0	0	0	0	0	0	0	0	0	0	0	0	0	0	0	0	0	0	0	0	0	0	0	0	0	0	0	0	0	0	0	0	0	0	0	0	0	0	0	0	0	0	0	0	0	0	0	0	0	0	0	0	0	0	0	0	0	0	0	0	0	0	0	0	0	3	3	9	9	9	9	9	9	9	14	14	14	14	14	15	15	15	15	15	15	15	15	15	15	15	15	15	15
圣马丁	Saint-Martin	0	0	0	0	0	0	0	0	0	0	0	0	0	0	0	0	0	0	0	0	0	0	0	0	0	0	0	0	0	0	0	0	0	0	0	0	0	0	0	0	0	0	0	0	0	0	0	0	0	0	0	0	0	0	0	0	0	0	0	0	0	0	0	0	0	0	0	0	0	0	0	0	0	0	0	0	0	0	0	0	0	0	0	0	0	0	0	0	0	0	0	0	0	0	0	0	0	0	0	0	0	0	0	0	0	0	0
圣马力诺	San Marino	0	0	0	0	0	0	0	0	0	0	0	0	0	0	0	0	0	0	0	0	0	0	0	0	0	0	0	0	0	0	0	0	0	0	0	0	0	0	0	0	0	0	0	0	0	0	0	0	0	0	0	1	1	1	1	1	23	23	26	51	51	62	69	69	73	73	98	98	98	98	98	98	98	98	242	242	242	242	242	242	224	230	230	230	245	251	266	266	277	279	308	333	333	356	356	371	372	393	426	435	461	462	476	488	501	501	513
圣皮埃尔和密克隆	Saint Pierre and Miquelon	0	0	0	0	0	0	0	0	0	0	0	0	0	0	0	0	0	0	0	0	0	0	0	0	0	0	0	0	0	0	0	0	0	0	0	0	0	0	0	0	0	0	0	0	0	0	0	0	0	0	0	0	0	0	0	0	0	0	0	0	0	0	0	0	0	0	0	0	0	0	0	0	0	0	0	0	0	0	0	0	0	0	0	0	0	0	0	0	0	0	0	0	0	0	0	0	0	0	0	0	0	0	0	0	0	0	0
圣文森特和格林纳丁斯	Saint Vincent and the Grenadines	0	0	0	0	0	0	0	0	0	0	0	0	0	0	0	0	0	0	0	0	0	0	0	0	0	0	0	0	0	0	0	0	0	0	0	0	0	0	0	0	0	0	0	0	0	0	0	0	0	0	0	0	0	0	0	0	0	0	0	0	0	0	0	0	0	0	0	0	0	0	0	0	0	0	0	0	0	0	0	0	0	0	0	0	0	0	0	0	0	0	0	0	0	0	12	12	12	12	12	12	12	12	12	13	13	14	14
斯里兰卡	Sri Lanka	0	0	0	0	0	0	0	0	0	0	0	0	0	0	0	0	0	0	1	1	1	1	1	1	1	1	1	1	1	1	1	1	1	1	1	1	1	1	1	1	1	1	1	1	1	1	1	1	1	1	1	1	1	1	1	1	1	1	1	1	1	2	3	3	8	12	22	44	50	60	71	77	81	92	100	102	102	106	110	113	122	132	146	146	150	162	171	171	185	188	190	190	190	203	214	219	235	238	242	248	269	304	310	323	337	414	440
斯洛伐克	Slovakia	0	0	0	0	0	0	0	0	0	0	0	0	0	0	0	0	0	0	0	0	0	0	0	0	0	0	0	0	0	0	0	0	0	0	0	0	0	0	0	0	0	0	0	0	0	0	0	0	0	0	0	0	0	0	0	0	1	1	3	7	7	7	10	16	32	44	61	72	97	105	123	137	178	185	186	204	216	269	269	314	336	336	363	426	450	471	485	534	581	682	701	701	728	742	769	835	863	977	1049	1089	1161	1173	1199	1244	1325	1360	1373
斯洛文尼亚	Slovenia	0	0	0	0	0	0	0	0	0	0	0	0	0	0	0	0	0	0	0	0	0	0	0	0	0	0	0	0	0	0	0	0	0	0	0	0	0	0	0	0	0	0	0	0	0	0	0	0	0	0	0	0	0	0	0	1	6	6	12	17	25	31	57	89	141	181	219	253	253	253	253	341	341	341	442	442	526	526	632	632	632	802	841	897	897	977	997	1021	1059	1091	1124	1160	1188	1205	1212	1220	1248	1268	1304	1308	1330	1335	1344	1353	1366	1373	1388
斯瓦尔巴特和扬马延	Svalbard and Jan Mayen	0	0	0	0	0	0	0	0	0	0	0	0	0	0	0	0	0	0	0	0	0	0	0	0	0	0	0	0	0	0	0	0	0	0	0	0	0	0	0	0	0	0	0	0	0	0	0	0	0	0	0	0	0	0	0	0	0	0	0	0	0	0	0	0	0	0	0	0	0	0	0	0	0	0	0	0	0	0	0	0	0	0	0	0	0	0	0	0	0	0	0	0	0	0	0	0	0	0	0	0	0	0	0	0	0	0	0
斯威士兰	Swaziland	0	0	0	0	0	0	0	0	0	0	0	0	0	0	0	0	0	0	0	0	0	0	0	0	0	0	0	0	0	0	0	0	0	0	0	0	0	0	0	0	0	0	0	0	0	0	0	0	0	0	0	0	0	0	0	0	0	0	0	0	0	0	0	0	0	1	1	1	1	1	1	1	4	4	5	5	5	8	8	8	8	8	8	8	8	9	9	8	10	10	12	12	12	14	14	15	15	16	16	19	22	24	24	31	31	36	40
苏丹	Sudan	0	0	0	0	0	0	0	0	0	0	0	0	0	0	0	0	0	0	0	0	0	0	0	0	0	0	0	0	0	0	0	0	0	0	0	0	0	0	0	0	0	0	0	0	0	0	0	0	0	0	0	0	0	0	0	0	0	0	0	0	0	0	0	0	1	1	1	1	1	1	1	2	2	2	3	3	3	3	5	5	6	7	7	7	8	10	12	12	14	14	14	15	15	19	19	29	32	32	32	45	66	92	107	140	163	174	174
苏里南	Suriname	0	0	0	0	0	0	0	0	0	0	0	0	0	0	0	0	0	0	0	0	0	0	0	0	0	0	0	0	0	0	0	0	0	0	0	0	0	0	0	0	0	0	0	0	0	0	0	0	0	0	0	0	0	0	0	0	0	0	0	0	0	0	0	0	1	1	1	1	1	1	2	2	5	5	6	6	6	6	7	7	7	8	9	9	9	10	10	9	10	10	10	10	10	10	10	10	10	10	10	10	10	10	10	10	10	10	10
所罗门群岛	Solomon Islands	0	0	0	0	0	0	0	0	0	0	0	0	0	0	0	0	0	0	0	0	0	0	0	0	0	0	0	0	0	0	0	0	0	0	0	0	0	0	0	0	0	0	0	0	0	0	0	0	0	0	0	0	0	0	0	0	0	0	0	0	0	0	0	0	0	0	0	0	0	0	0	0	0	0	0	0	0	0	0	0	0	0	0	0	0	0	0	0	0	0	0	0	0	0	0	0	0	0	0	0	0	0	0	0	0	0	0
索马里	Somalia	0	0	0	0	0	0	0	0	0	0	0	0	0	0	0	0	0	0	0	0	0	0	0	0	0	0	0	0	0	0	0	0	0	0	0	0	0	0	0	0	0	0	0	0	0	0	0	0	0	0	0	0	0	0	0	0	0	0	0	0	0	0	0	0	0	0	1	1	1	1	1	1	1	1	1	1	2	3	3	3	3	3	5	5	5	7	7	7	7	8	12	12	12	21	25	60	60	80	80	164	135	164	237	286	286	328	390
塔吉克斯坦	Tajikistan	0	0	0	0	0	0	0	0	0	0	0	0	0	0	0	0	0	0	0	0	0	0	0	0	0	0	0	0	0	0	0	0	0	0	0	0	0	0	0	0	0	0	0	0	0	0	0	0	0	0	0	0	0	0	0	0	0	0	0	0	0	0	0	0	0	0	0	0	0	0	0	0	0	0	0	0	0	0	0	0	0	0	0	0	0	0	0	0	0	0	0	0	0	0	0	0	0	0	0	0	0	0	0	0	0	0	0
泰国	Thailand	0	0	0	0	0	0	0	0	0	0	2	3	3	3	4	4	7	8	14	14	14	19	19	19	19	25	25	25	25	32	32	32	32	33	33	33	33	34	35	35	35	35	35	35	35	35	37	40	40	41	42	42	43	43	43	47	48	50	50	50	53	59	70	75	82	114	147	177	212	272	322	411	599	721	827	934	1045	1136	1245	1388	1524	1651	1771	1875	1978	2067	2169	2220	2258	2369	2423	2473	2518	2551	2579	2613	2643	2672	2700	2738	2765	2792	2811	2826	2839	2854	2907
坦桑尼亚	Tanzania	0	0	0	0	0	0	0	0	0	0	0	0	0	0	0	0	0	0	0	0	0	0	0	0	0	0	0	0	0	0	0	0	0	0	0	0	0	0	0	0	0	0	0	0	0	0	0	0	0	0	0	0	0	0	0	0	0	0	0	0	0	0	0	0	0	0	1	1	1	1	1	1	12	12	12	12	13	13	14	14	19	19	20	20	20	20	20	22	24	25	25	32	32	32	46	49	59	94	147	147	147	170	254	284	284	284	299
汤加	Tonga	0	0	0	0	0	0	0	0	0	0	0	0	0	0	0	0	0	0	0	0	0	0	0	0	0	0	0	0	0	0	0	0	0	0	0	0	0	0	0	0	0	0	0	0	0	0	0	0	0	0	0	0	0	0	0	0	0	0	0	0	0	0	0	0	0	0	0	0	0	0	0	0	0	0	0	0	0	0	0	0	0	0	0	0	0	0	0	0	0	0	0	0	0	0	0	0	0	0	0	0	0	0	0	0	0	0	0
特克斯和凯科斯群岛	Turks and Caicos Islands	0	0	0	0	0	0	0	0	0	0	0	0	0	0	0	0	0	0	0	0	0	0	0	0	0	0	0	0	0	0	0	0	0	0	0	0	0	0	0	0	0	0	0	0	0	0	0	0	0	0	0	0	0	0	0	0	0	0	0	0	0	0	0	0	0	0	0	0	0	0	0	0	0	0	0	0	0	0	0	2	2	2	2	2	2	6	6	6	8	2	2	2	2	2	2	2	2	2	2	2	2	2	2	2	2	2	2
特立尼达和多巴哥	Trinidad and Tobago	0	0	0	0	0	0	0	0	0	0	0	0	0	0	0	0	0	0	0	0	0	0	0	0	0	0	0	0	0	0	0	0	0	0	0	0	0	0	0	0	0	0	0	0	0	0	0	0	0	0	0	0	0	0	0	0	0	0	0	0	0	0	0	1	1	1	1	1	1	1	1	1	1	1	1	1	1	1	57	61	61	83	83	83	83	100	104	83	105	107	107	109	109	112	113	113	113	114	114	114	114	114	114	115	115	115	115
突尼斯	Tunisia	0	0	0	0	0	0	0	0	0	0	0	0	0	0	0	0	0	0	0	0	0	0	0	0	0	0	0	0	0	0	0	0	0	0	0	0	0	0	0	0	0	0	0	0	0	0	0	0	0	0	0	0	0	1	1	1	1	1	1	5	5	5	7	13	13	16	20	20	24	39	39	60	75	89	114	114	173	227	227	227	312	362	394	423	455	495	553	574	596	623	628	643	671	685	707	726	747	780	822	864	866	879	884	901	909	918	918
图瓦卢	Tuvalu	0	0	0	0	0	0	0	0	0	0	0	0	0	0	0	0	0	0	0	0	0	0	0	0	0	0	0	0	0	0	0	0	0	0	0	0	0	0	0	0	0	0	0	0	0	0	0	0	0	0	0	0	0	0	0	0	0	0	0	0	0	0	0	0	0	0	0	0	0	0	0	0	0	0	0	0	0	0	0	0	0	0	0	0	0	0	0	0	0	0	0	0	0	0	0	0	0	0	0	0	0	0	0	0	0	0	0
土耳其	Turkey	0	0	0	0	0	0	0	0	0	0	0	0	0	0	0	0	0	0	0	0	0	0	0	0	0	0	0	0	0	0	0	0	0	0	0	0	0	0	0	0	0	0	0	0	0	0	0	0	0	0	0	0	0	0	0	0	0	0	0	0	0	1	1	2	5	6	18	47	98	191	359	670	947	1236	1529	1872	2433	3629	5698	7402	9217	10827	13531	15679	18135	20921	23934	27069	30217	34109	38226	42282	47029	52167	56956	61049	65111	69392	74193	78546	82329	86306	90980	95591	98674	101790	104912
土库曼斯坦	Turkmenistan	0	0	0	0	0	0	0	0	0	0	0	0	0	0	0	0	0	0	0	0	0	0	0	0	0	0	0	0	0	0	0	0	0	0	0	0	0	0	0	0	0	0	0	0	0	0	0	0	0	0	0	0	0	0	0	0	0	0	0	0	0	0	0	0	0	0	0	0	0	0	0	0	0	0	0	0	0	0	0	0	0	0	0	0	0	0	0	0	0	0	0	0	0	0	0	0	0	0	0	0	0	0	0	0	0	0	0
托克劳	Tokelau	0	0	0	0	0	0	0	0	0	0	0	0	0	0	0	0	0	0	0	0	0	0	0	0	0	0	0	0	0	0	0	0	0	0	0	0	0	0	0	0	0	0	0	0	0	0	0	0	0	0	0	0	0	0	0	0	0	0	0	0	0	0	0	0	0	0	0	0	0	0	0	0	0	0	0	0	0	0	0	0	0	0	0	0	0	0	0	0	0	0	0	0	0	0	0	0	0	0	0	0	0	0	0	0	0	0	0
瓦利斯和富图纳	Wallis and Futuna	0	0	0	0	0	0	0	0	0	0	0	0	0	0	0	0	0	0	0	0	0	0	0	0	0	0	0	0	0	0	0	0	0	0	0	0	0	0	0	0	0	0	0	0	0	0	0	0	0	0	0	0	0	0	0	0	0	0	0	0	0	0	0	0	0	0	0	0	0	0	0	0	0	0	0	0	0	0	0	0	0	0	0	0	0	0	0	0	0	0	0	0	0	0	0	0	0	0	0	0	0	0	0	0	0	0	0
瓦努阿图	Vanuatu	0	0	0	0	0	0	0	0	0	0	0	0	0	0	0	0	0	0	0	0	0	0	0	0	0	0	0	0	0	0	0	0	0	0	0	0	0	0	0	0	0	0	0	0	0	0	0	0	0	0	0	0	0	0	0	0	0	0	0	0	0	0	0	0	0	0	0	0	0	0	0	0	0	0	0	0	0	0	0	0	0	0	0	0	0	0	0	0	0	0	0	0	0	0	0	0	0	0	0	0	0	0	0	0	0	0	0
危地马拉	Guatemala	0	0	0	0	0	0	0	0	0	0	0	0	0	0	0	0	0	0	0	0	0	0	0	0	0	0	0	0	0	0	0	0	0	0	0	0	0	0	0	0	0	0	0	0	0	0	0	0	0	0	0	0	0	0	0	0	0	0	0	0	0	0	0	0	1	1	2	2	2	2	2	2	17	17	17	17	17	17	24	24	24	36	36	36	36	50	61	36	74	80	87	126	126	153	155	167	180	196	214	235	257	289	294	316	342	384	430
委内瑞拉	Venezuela	0	0	0	0	0	0	0	0	0	0	0	0	0	0	0	0	0	0	0	0	0	0	0	0	0	0	0	0	0	0	0	0	0	0	0	0	0	0	0	0	0	0	0	0	0	0	0	0	0	0	0	0	0	0	0	0	0	0	0	0	0	0	0	0	2	10	17	33	33	33	42	42	70	70	84	84	106	107	107	107	107	135	135	135	135	153	135	135	165	166	167	171	171	175	181	189	197	197	204	227	227	256	285	288	298	311	318
文莱	Brunei	0	0	0	0	0	0	0	0	0	0	0	0	0	0	0	0	0	0	0	0	0	0	0	0	0	0	0	0	0	0	0	0	0	0	0	0	0	0	0	0	0	0	0	0	0	0	0	0	0	0	0	0	0	0	0	0	0	0	0	0	6	6	25	36	40	50	54	54	68	73	78	83	88	91	104	109	114	115	120	126	127	129	131	133	133	135	135	135	135	135	135	136	136	136	136	136	136	136	136	137	138	138	138	138	138	138	138
乌干达	Uganda	0	0	0	0	0	0	0	0	0	0	0	0	0	0	0	0	0	0	0	0	0	0	0	0	0	0	0	0	0	0	0	0	0	0	0	0	0	0	0	0	0	0	0	0	0	0	0	0	0	0	0	0	0	0	0	0	0	0	0	0	0	0	0	0	0	0	0	0	0	0	0	0	1	1	9	14	14	18	23	30	33	33	44	44	45	48	48	52	52	52	53	53	53	53	54	54	55	55	55	56	56	56	58	61	63	74	75
乌克兰	Ukraine	0	0	0	0	0	0	0	0	0	0	0	0	0	0	0	0	0	0	0	0	0	0	0	0	0	0	0	0	0	0	0	0	0	0	0	0	0	0	0	0	0	0	0	0	0	0	0	0	0	0	0	0	0	1	1	1	1	1	1	1	1	1	1	3	3	3	5	7	14	16	26	41	47	73	84	113	156	218	310	418	480	549	669	804	942	1096	1251	1319	1462	1668	1892	2203	2511	2777	3102	3372	3764	4161	4662	5106	5449	5710	6125	6592	7170	7647	8125
乌拉圭	Uruguay	0	0	0	0	0	0	0	0	0	0	0	0	0	0	0	0	0	0	0	0	0	0	0	0	0	0	0	0	0	0	0	0	0	0	0	0	0	0	0	0	0	0	0	0	0	0	0	0	0	0	0	0	0	0	0	0	0	0	0	0	0	0	0	0	4	6	6	6	50	79	94	110	135	158	158	189	217	238	274	304	304	320	338	338	369	386	400	406	415	424	456	473	473	501	501	501	501	501	502	508	517	528	535	543	549	557	563
乌兹别克斯坦	Uzbekistan	0	0	0	0	0	0	0	0	0	0	0	0	0	0	0	0	0	0	0	0	0	0	0	0	0	0	0	0	0	0	0	0	0	0	0	0	0	0	0	0	0	0	0	0	0	0	0	0	0	0	0	0	0	0	0	0	0	0	0	0	0	0	0	0	0	1	6	6	13	23	23	23	43	43	50	55	65	83	104	133	149	158	173	190	221	263	298	390	504	545	582	624	729	833	934	1113	1275	1349	1390	1469	1543	1604	1657	1692	1716	1778	1836
西班牙	Spain	0	0	0	0	0	0	0	0	0	0	0	0	0	0	0	0	0	0	0	0	0	0	1	1	1	1	1	1	1	1	2	2	2	2	2	2	2	2	2	2	2	2	2	2	2	2	4	4	10	25	41	74	74	150	165	223	345	387	516	1204	1648	2128	2968	4209	5232	7753	9191	11178	13716	17147	19980	24926	28572	33089	39673	47610	56188	64059	72248	78797	85195	94417	102136	110238	117710	124736	130759	135032	140510	146690	152446	157022	161852	166019	169496	172541	177633	182816	188068	191726	195944	200210	204178	208389	213024	219764	223759
西撒哈拉	Western Sahara	0	0	0	0	0	0	0	0	0	0	0	0	0	0	0	0	0	0	0	0	0	0	0	0	0	0	0	0	0	0	0	0	0	0	0	0	0	0	0	0	0	0	0	0	0	0	0	0	0	0	0	0	0	0	0	0	0	0	0	0	0	0	0	0	0	0	0	0	0	0	0	0	0	0	0	0	0	0	0	0	0	0	0	0	0	0	0	0	0	0	0	0	0	0	6	6	6	6	6	6	6	6	6	6	6	6	6
西沙群岛	Paracel Islands	0	0	0	0	0	0	0	0	0	0	0	0	0	0	0	0	0	0	0	0	0	0	0	0	0	0	0	0	0	0	0	0	0	0	0	0	0	0	0	0	0	0	0	0	0	0	0	0	0	0	0	0	0	0	0	0	0	0	0	0	0	0	0	0	0	0	0	0	0	0	0	0	0	0	0	0	0	0	0	0	0	0	0	0	0	0	0	0	0	0	0	0	0	0	0	0	0	0	0	0	0	0	0	0	0	0	0
希腊	Greece	0	0	0	0	0	0	0	0	0	0	0	0	0	0	0	0	0	0	0	0	0	0	0	0	0	0	0	0	0	0	0	0	0	0	0	0	0	0	0	0	0	0	0	0	0	0	0	1	3	4	4	7	7	7	7	31	45	46	66	84	89	89	89	117	190	228	331	352	387	387	387	495	530	695	695	743	821	892	966	1061	1156	1212	1314	1415	1584	1643	1673	1735	1755	1832	1884	1995	2011	2081	2114	2145	2170	2192	2207	2234	2235	2235	2245	2401	2408	2463	2490
辛特·马丁	Sint Maarten	0	0	0	0	0	0	0	0	0	0	0	0	0	0	0	0	0	0	0	0	0	0	0	0	0	0	0	0	0	0	0	0	0	0	0	0	0	0	0	0	0	0	0	0	0	0	0	0	0	0	0	0	0	0	0	0	0	0	0	0	0	0	0	0	0	0	0	0	0	0	0	0	0	0	0	0	0	0	0	0	0	0	0	0	0	0	0	0	0	0	0	0	0	0	0	0	0	0	0	0	0	0	0	0	0	0	0
新加坡	Singapore	0	0	0	0	0	0	0	0	0	0	0	0	0	1	3	3	4	4	7	10	13	16	18	18	18	24	24	30	30	40	43	45	47	50	58	67	67	72	75	81	81	84	85	85	89	90	90	93	96	98	102	106	108	108	110	117	130	130	138	138	166	166	187	200	200	226	243	243	313	345	385	432	455	509	558	631	683	732	802	844	879	926	1000	1049	1114	1189	1309	1375	1375	1623	1910	2108	2299	2299	2918	3252	3252	3699	5050	14951	6588	8014	9125	10141	11178	12075	12693
新喀里多尼亚	New Caledonia	0	0	0	0	0	0	0	0	0	0	0	0	0	0	0	0	0	0	0	0	0	0	0	0	0	0	0	0	0	0	0	0	0	0	0	0	0	0	0	0	0	0	0	0	0	0	0	0	0	0	0	0	0	0	0	0	0	0	0	0	0	0	0	0	0	0	0	0	0	0	0	0	0	0	0	0	0	12	12	14	14	14	14	14	14	14	14	14	14	14	14	14	14	14	14	14	14	14	14	14	14	14	14	14	14	14	14
新西兰	New Zealand	0	0	0	0	0	0	0	0	0	0	0	0	0	0	0	0	0	0	0	0	0	0	0	0	0	0	0	0	0	0	0	0	0	0	0	0	0	0	0	0	0	0	0	0	0	0	0	0	0	1	1	1	1	1	2	3	4	5	5	5	5	5	5	5	6	8	8	11	20	28	39	53	67	102	142	205	278	338	451	514	552	647	647	797	868	950	1039	1106	1160	1210	1239	1283	1312	1330	1349	1366	1386	1401	1409	1422	1431	1440	1445	1451	1451	1456	1461
匈牙利	Hungary	0	0	0	0	0	0	0	0	0	0	0	0	0	0	0	0	0	0	0	0	0	0	0	0	0	0	0	0	0	0	0	0	0	0	0	0	0	0	0	0	0	0	0	0	0	0	0	0	0	0	0	0	0	0	0	2	2	3	5	9	9	9	9	16	19	30	32	50	50	72	85	103	131	167	187	226	261	300	343	418	447	492	525	585	632	678	733	744	817	895	980	1190	1310	1410	1458	1512	1579	1652	1763	1649	1916	1984	2098	2168	2284	2383	2443
叙利亚	Syria	0	0	0	0	0	0	0	0	0	0	0	0	0	0	0	0	0	0	0	0	0	0	0	0	0	0	0	0	0	0	0	0	0	0	0	0	0	0	0	0	0	0	0	0	0	0	0	0	0	0	0	0	0	0	0	0	0	0	0	0	0	0	0	0	0	0	0	0	0	0	0	0	0	1	1	4	5	5	5	5	5	10	10	16	16	16	16	19	19	19	19	19	19	25	25	29	29	33	33	38	38	39	39	42	42	42	42
牙买加	Jamaica	0	0	0	0	0	0	0	0	0	0	0	0	0	0	0	0	0	0	0	0	0	0	0	0	0	0	0	0	0	0	0	0	0	0	0	0	0	0	0	0	0	0	0	0	0	0	0	0	0	0	0	0	0	0	0	0	0	0	0	0	0	1	1	1	1	1	1	1	1	15	15	15	15	15	15	15	15	15	26	26	26	36	36	36	36	53	55	36	59	63	63	63	63	69	72	73	105	125	143	163	173	196	223	233	252	257	288
亚美尼亚	Armenia	0	0	0	0	0	0	0	0	0	0	0	0	0	0	0	0	0	0	0	0	0	0	0	0	0	0	0	0	0	0	0	0	0	0	0	0	0	0	0	0	0	0	0	0	0	0	0	0	0	0	0	1	1	1	1	1	1	1	1	1	1	1	4	4	13	20	28	45	78	110	136	136	160	190	235	256	290	329	372	424	481	532	571	663	736	770	822	833	853	881	921	937	967	1013	1039	1067	1111	1159	1201	1248	1291	1339	1401	1473	1523	1596	1677
也门	Yemen	0	0	0	0	0	0	0	0	0	0	0	0	0	0	0	0	0	0	0	0	0	0	0	0	0	0	0	0	0	0	0	0	0	0	0	0	0	0	0	0	0	0	0	0	0	0	0	0	0	0	0	0	0	0	0	0	0	0	0	0	0	0	0	0	0	0	0	0	0	0	0	0	0	0	0	0	0	0	0	0	0	0	0	0	0	0	0	0	0	0	0	1	1	1	1	1	1	1	1	1	1	1	1	1	1	1	1
伊拉克	Iraq	0	0	0	0	0	0	0	0	0	0	0	0	0	0	0	0	0	0	0	0	0	0	0	0	0	0	0	0	0	0	0	0	0	0	0	0	0	0	0	0	0	0	0	0	0	1	5	5	6	7	8	13	21	26	31	31	38	46	54	67	67	71	68	83	93	110	124	154	164	164	192	208	214	233	266	316	382	458	506	547	547	630	694	772	772	820	878	961	1031	1122	1202	1232	1279	1318	1352	1378	1400	1415	1434	1482	1513	1539	1574	1602	1631	1677	1708
伊朗	Iran	0	0	0	0	0	0	0	0	0	0	0	0	0	0	0	0	0	0	0	0	0	0	0	0	0	0	0	0	0	0	0	0	0	0	0	0	0	0	0	0	0	2	18	28	28	61	95	139	270	388	593	978	1501	2336	2922	3513	4747	5823	6566	7161	8042	9000	10075	11364	12729	13938	14991	16169	17361	18407	19644	20610	21638	23049	24811	27017	29406	32332	35408	38309	41495	44606	47593	50468	53183	55743	58226	60500	62589	67286	67286	68192	70029	71686	73303	74877	76389	77995	79494	80868	82211	83505	84802	85996	87026	88194	89328
以色列	Israel	0	0	0	0	0	0	0	0	0	0	0	0	0	0	0	0	0	0	0	0	0	0	0	0	0	0	0	0	0	0	0	0	0	0	0	0	0	0	0	0	0	0	1	1	1	2	2	2	3	8	8	10	10	10	10	15	17	21	25	50	50	75	100	126	154	195	344	298	443	529	705	883	945	1238	1656	2710	2710	3035	3460	3865	4347	4831	5591	6360	7030	7589	8018	8611	9006	9404	9755	10095	10525	10878	11235	11868	12200	12591	12855	13107	13362	13654	13883	14326	14592	14882	15148
意大利	Italy	0	0	0	0	0	0	0	0	0	0	0	0	0	0	0	0	0	0	0	0	0	2	-1	-1	-1	-1	-1	-1	-1	-1	-1	-1	-1	-1	-1	-1	-1	-1	-1	-1	-1	-1	-1	76	157	215	283	323	528	650	888	1128	1694	2036	2502	3089	3858	4636	5883	9172	10149	10283	12462	15113	17660	21157	24747	27980	31506	35713	41035	47021	53578	63927	63927	69176	74386	80539	86498	92472	97689	101739	105792	110574	115242	119827	124632	128948	132547	135586	139422	143626	147577	152271	156363	159516	162488	165155	168941	172434	175925	178972	181228	183957	187327	189973	192994
印度	India	0	0	0	0	0	0	0	0	0	0	0	0	0	0	0	0	0	0	0	0	1	1	1	2	3	3	3	3	3	3	3	3	3	3	3	3	3	3	3	3	3	3	3	3	3	3	3	3	3	3	3	3	3	6	15	30	31	33	39	47	58	61	73	81	84	107	117	137	151	173	206	283	341	468	519	606	649	724	918	1024	1071	1251	1637	2069	2567	3082	3588	4314	4911	5480	6237	6771	7876	8504	9352	10541	11933	12759	13835	14792	16365	17656	18985	20471	21797	23502	24942
印度尼西亚	Indonesia	0	0	0	0	0	0	0	0	0	0	0	0	0	0	0	0	0	0	0	0	0	0	0	0	0	0	0	0	0	0	0	0	0	0	0	0	0	0	0	0	0	0	0	0	0	0	0	0	0	0	0	0	2	2	2	2	4	4	4	4	27	27	27	69	96	117	117	172	227	309	369	450	514	579	686	790	893	1046	1155	1285	1414	1528	1677	1790	1986	2092	2273	2491	2738	2956	3293	3512	3842	4241	4557	4839	5136	5516	5923	6248	6575	6760	7135	7418	7775	8211	8607
英国	United Kingdom	0	0	0	0	0	0	0	0	0	0	0	0	0	0	0	0	0	0	0	0	0	2	2	2	2	2	2	2	3	3	3	8	8	8	9	9	9	9	9	9	9	9	9	9	9	13	13	13	15	20	23	35	36	51	51	90	163	163	206	319	319	373	460	590	798	1140	1543	1950	2626	2627	3272	3986	5021	5683	6650	8080	9537	14579	17089	19758	22141	25150	29474	34116	38168	41903	47806	48451	52302	60733	61487	65872	78991	84279	89554	94823	98476	103093	109754	115299	121168	121174	125856	134635	139243	143464	148377
英属维尔京群岛	British Virgin Islands	0	0	0	0	0	0	0	0	0	0	0	0	0	0	0	0	0	0	0	0	0	0	0	0	0	0	0	0	0	0	0	0	0	0	0	0	0	0	0	0	0	0	0	0	0	0	0	0	0	0	0	0	0	0	0	0	0	0	0	0	0	0	0	0	0	0	0	0	0	0	0	0	0	0	0	0	0	0	0	0	0	0	0	0	0	0	0	0	0	0	0	0	0	0	0	0	0	0	0	0	0	0	0	0	0	0	0
英属印度洋领地	British Indian Ocean Territory	0	0	0	0	0	0	0	0	0	0	0	0	0	0	0	0	0	0	0	0	0	0	0	0	0	0	0	0	0	0	0	0	0	0	0	0	0	0	0	0	0	0	0	0	0	0	0	0	0	0	0	0	0	0	0	0	0	0	0	0	0	0	0	0	0	0	0	0	0	0	0	0	0	0	0	0	0	0	0	0	0	0	0	0	0	0	0	0	0	0	0	0	0	0	0	0	0	0	0	0	0	0	0	0	0	0	0
约旦	Jordan	0	0	0	0	0	0	0	0	0	0	0	0	0	0	0	0	0	0	0	0	0	0	0	0	0	0	0	0	0	0	0	0	0	0	0	0	0	0	0	0	0	0	0	0	0	0	0	0	0	0	0	0	1	1	1	1	1	1	1	1	1	1	1	1	1	7	16	30	41	57	70	86	99	112	127	153	172	212	235	246	259	268	274	278	299	310	323	345	349	353	358	372	372	381	389	391	397	401	402	407	413	417	425	428	435	437	444
越南	Vietnam	0	0	0	0	0	0	0	0	0	0	0	0	0	2	2	2	2	2	2	2	5	5	6	7	8	10	10	10	12	13	13	14	15	15	16	16	16	16	16	16	16	16	16	16	16	16	16	16	16	16	16	16	16	16	16	16	16	18	21	21	34	35	44	47	53	54	60	61	68	76	85	94	113	123	123	141	153	163	174	188	203	207	212	227	233	240	241	245	249	251	255	257	257	260	265	266	267	268	268	268	268	268	268	268	268	270	270
赞比亚	Zambia	0	0	0	0	0	0	0	0	0	0	0	0	0	0	0	0	0	0	0	0	0	0	0	0	0	0	0	0	0	0	0	0	0	0	0	0	0	0	0	0	0	0	0	0	0	0	0	0	0	0	0	0	0	0	0	0	0	0	0	0	0	0	0	0	0	0	0	0	0	0	0	2	3	3	3	3	3	22	28	29	35	36	36	39	39	39	39	39	39	39	39	40	40	43	45	45	48	48	52	57	61	65	70	74	74	84	84
泽西岛	Jersey	0	0	0	0	0	0	0	0	0	0	0	0	0	0	0	0	0	0	0	0	0	0	0	0	0	0	0	0	0	0	0	0	0	0	0	0	0	0	0	0	0	0	0	0	0	0	0	0	0	0	0	0	0	0	0	0	0	0	0	0	0	0	0	0	0	0	0	0	0	0	0	0	0	0	0	0	0	0	0	0	0	0	0	0	0	0	0	0	0	0	0	0	0	0	0	0	0	0	0	0	0	0	0	0	0	0	0
乍得	Chad	0	0	0	0	0	0	0	0	0	0	0	0	0	0	0	0	0	0	0	0	0	0	0	0	0	0	0	0	0	0	0	0	0	0	0	0	0	0	0	0	0	0	0	0	0	0	0	0	0	0	0	0	0	0	0	0	0	0	0	0	0	0	0	0	0	0	0	0	0	0	1	1	1	1	1	3	3	3	5	5	5	5	5	5	5	9	9	5	9	10	10	10	10	10	18	23	23	27	27	33	33	33	33	33	33	40	40
直布罗陀	Gibraltar	0	0	0	0	0	0	0	0	0	0	0	0	0	0	0	0	0	0	0	0	0	0	0	0	0	0	0	0	0	0	0	0	0	0	0	0	0	0	0	0	0	0	0	0	0	0	0	0	0	0	0	0	0	0	0	0	0	0	0	0	0	0	0	0	0	0	0	0	0	0	0	0	0	0	0	0	0	0	35	35	35	35	35	35	35	35	35	35	35	35	35	35	35	35	35	35	35	131	131	131	131	131	131	131	131	131	131
智利	Chile	0	0	0	0	0	0	0	0	0	0	0	0	0	0	0	0	0	0	0	0	0	0	0	0	0	0	0	0	0	0	0	0	0	0	0	0	0	0	0	0	0	0	0	0	0	0	0	0	0	0	0	0	0	0	1	3	4	4	7	8	13	17	23	33	43	61	75	156	201	238	342	434	537	537	746	922	922	1306	1610	1909	2449	2449	3031	3404	3404	3737	4161	4851	4815	5546	5546	5972	6501	6927	7213	7525	7917	8273	8807	9252	9730	10088	10507	10832	11296	11812	12306
中非共和国	Central African Republic	0	0	0	0	0	0	0	0	0	0	0	0	0	0	0	0	0	0	0	0	0	0	0	0	0	0	0	0	0	0	0	0	0	0	0	0	0	0	0	0	0	0	0	0	0	0	0	0	0	0	0	0	0	0	0	0	0	0	0	0	0	0	0	0	0	1	1	1	1	1	3	3	3	3	3	3	3	3	6	6	6	6	6	6	6	8	9	9	9	10	11	11	11	11	11	11	11	12	12	12	12	12	14	14	17	19	19
中国（含港澳台）	China	27	41	41	41	41	41	45	62	121	199	292	442	595	875	1335	2005	2799	4557	5999	7736	9719	11821	14410	17239	20469	24363	28059	31212	34612	37251	40223	42708	44736	59883	63935	66577	68585	70637	72529	74280	74677	75569	76394	77044	77264	77780	78191	78631	78960	79390	79969	80174	80303	80422	80564	80708	80813	80859	80904	80924	80955	80980	80990	81021	81048	81077	81116	81151	81235	81301	81416	81498	81601	81750	81847	81961	82079	82213	82340	82448	82547	82631	82724	82802	82875	82930	83005	83071	83160	83249	83306	83387	83483	83564	83663	83712	83763	84115	84146	84167	84203	84237	84254	84267	84276	84292	84303
钻石公主号	Diamond Princess	0	0	0	0	0	0	0	0	0	0	0	0	0	0	0	0	0	0	0	0	0	0	0	0	0	0	0	0	0	0	0	0	0	0	0	0	0	0	0	0	0	0	0	0	0	0	0	0	0	0	0	0	0	0	0	0	0	696	696	696	696	697	697	697	697	697	712	712	712	712	712	712	712	712	712	712	712	712	712	712	712	712	712	712	712	712	712	712	712	712	712	712	712	712	712	712	712	712	712	712	712	712	712	712	712	712	712
