Region_CN	Region_EN	T20191231	T20200111	T20200112	T20200113	T20200114	T20200115	T20200116	T20200117	T20200118	T20200119	T20200120	T20200121	T20200122	T20200123	T20200124	T20200125	T20200126	T20200127	T20200128	T20200129	T20200130	T20200131	T20200201	T20200202	T20200203	T20200204	T20200205	T20200206	T20200207	T20200208	T20200209	T20200210	T20200211	T20200212	T20200213	T20200214	T20200215	T20200216	T20200217	T20200218	T20200219	T20200220	T20200221	T20200222
安徽省	Anhui	0	0	0	0	0	0	0	0	0	0	0	0	9	6	24	21	10	36	46	48	37	60	43	68	72	50	61	74	68	46	51	30	29	22	24	16	12	11	9	4	1	1	1	0
澳门特别行政区	Macao	0	0	0	0	0	0	0	0	0	0	0	0	1	1	0	0	3	2	0	0	0	0	0	1	0	2	0	0	0	0	0	0	0	0	0	0	0	0	0	0	0	0	0	0
北京市	Beijing	0	0	0	0	0	0	0	0	0	0	5	5	4	12	10	15	17	12	11	20	21	24	27	32	16	25	21	23	18	11	11	5	10	14	6	3	5	1	6	6	2	1	3	0
福建省	Fujian	0	0	0	0	0	0	0	0	0	0	0	0	4	5	9	11	27	17	9	19	19	24	15	20	15	11	10	9	15	11	11	6	5	7	2	4	2	3	2	1	0	0	0	0
甘肃省	Gansu	0	0	0	0	0	0	0	0	0	0	0	0	0	2	2	3	7	5	5	2	4	5	5	11	4	2	5	5	4	8	4	3	0	1	3	0	0	0	1	0	0	0	0	0
广东省	Guangdong	0	0	0	0	0	0	0	0	0	1	13	12	6	21	25	20	48	42	53	70	82	127	84	79	114	73	74	74	57	45	31	26	42	22	20	33	22	6	6	3	1	1	6	3
广西壮族自治区	Guangxi	0	0	0	0	0	0	0	0	0	0	0	0	5	8	10	10	13	5	7	20	9	13	11	16	12	11	18	4	11	12	15	5	7	0	4	9	2	1	4	2	1	1	3	0
贵州省	Guizhou	0	0	0	0	0	0	0	0	0	0	0	0	3	0	1	1	2	2	0	3	3	14	9	8	10	8	5	8	12	7	13	9	13	4	5	3	1	2	0	0	0	0	0	0
海南省	Hainan	0	0	0	0	0	0	0	0	0	0	0	0	4	4	9	5	9	9	5	3	3	8	6	7	9	11	11	11	-1	6	8	6	3	12	0	5	0	0	1	0	5	0	0	0
河北省	Hebei	0	0	0	0	0	0	0	0	0	0	0	0	1	1	6	5	5	15	15	17	17	14	8	9	13	9	22	14	24	11	12	21	12	14	18	8	9	1	1	4	1	1	1	2
河南省	Henan	0	0	0	0	0	0	0	0	0	0	0	1	4	4	23	51	45	40	38	72	74	70	71	73	109	89	87	63	67	53	40	32	30	34	15	28	19	15	11	5	4	2	3	1
黑龙江省	Heilongjiang	0	0	0	0	0	0	0	0	0	0	0	0	2	2	5	6	6	9	7	6	16	21	15	23	37	35	37	50	19	26	24	29	18	17	23	7	20	12	7	6	6	3	0	1
湖北省	Hubei	27	0	0	0	0	0	4	17	59	77	72	105	69	105	180	323	371	1291	840	1032	1220	1347	1921	2103	2345	3156	2987	2447	2841	2147	2618	2097	1638	14840	4823	2442	1848	1944	1825	1746	628	411	365	598
湖南省	Hunan	0	0	0	0	0	0	0	0	0	0	0	1	8	15	19	26	31	43	78	56	55	57	74	58	72	68	50	61	31	35	41	33	34	22	20	13	3	2	1	1	2	1	2	3
吉林省	Jilin	0	0	0	0	0	0	0	0	0	0	0	0	1	2	1	0	2	2	1	5	0	3	6	8	11	12	5	6	4	9	2	1	2	1	2	2	1	0	0	1	1	0	0	0
江苏省	Jiangsu	0	0	0	0	0	0	0	0	0	0	0	0	1	8	9	13	16	23	29	30	39	34	34	35	37	33	32	35	31	29	24	23	28	27	23	11	13	9	3	2	0	0	0	0
江西省	Jiangxi	0	0	0	0	0	0	0	0	0	0	0	2	1	4	11	18	12	24	37	53	78	47	47	59	85	72	52	61	37	42	32	33	40	28	28	13	12	5	3	1	1	0	0	0
辽宁省	Liaoning	0	0	0	0	0	0	0	0	0	0	0	0	2	2	8	5	5	8	6	5	4	15	4	6	4	7	8	5	5	6	2	1	8	0	1	2	1	1	0	0	0	0	0	0
内蒙古自治区	Inner Mongoria IM	0	0	0	0	0	0	0	0	0	0	0	0	0	1	1	5	4	2	3	2	2	3	4	7	1	7	4	4	2	2	4	0	2	1	4	3	2	2	1	2	0	0	0	0
宁夏回族自治区	Ningxia	0	0	0	0	0	0	0	0	0	0	0	0	1	1	1	1	3	4	1	5	4	5	2	3	3	0	6	3	2	1	4	4	5	6	3	3	0	0	0	1	0	0	0	0
青海省	Qinghai	0	0	0	0	0	0	0	0	0	0	0	0	0	0	0	1	3	2	0	0	2	1	0	4	2	2	1	0	0	0	0	0	0	0	0	0	0	0	0	0	0	0	0	0
山东省	Shandong	0	0	0	0	0	0	0	0	0	0	0	1	5	3	12	18	24	24	34	24	33	24	23	21	24	28	45	36	28	28	24	27	11	9	13	11	7	4	2	1	2	202	2	4
山西省	Shanxi	0	0	0	0	0	0	0	0	0	0	0	0	1	0	5	3	4	7	7	8	4	8	9	10	8	7	9	6	8	12	4	3	2	2	0	1	1	1	1	1	0	1	0	0
陕西省	Shaanxi	0	0	0	0	0	0	0	0	0	0	0	0	0	3	2	17	13	11	10	7	24	15	15	12	14	23	8	11	11	13	5	6	6	4	1	2	4	4	0	2	3	0	0	0
上海市	Shanghai	0	0	0	0	0	0	0	0	0	0	1	8	7	4	13	7	13	13	14	21	27	25	24	16	15	25	21	15	12	11	3	7	4	7	5	8	2	3	2	0	0	1	0	1
四川省	Sichuan	0	0	0	0	0	0	0	0	0	0	0	2	3	10	13	16	25	21	18	34	36	30	24	23	28	19	20	23	19	23	19	12	19	15	12	7	11	14	13	6	6	5	1	0
台湾省	Taiwan	0	0	0	0	0	0	0	0	0	0	0	1	0	0	2	0	1	1	3	0	1	1	0	0	0	1	0	5	0	1	1	0	0	0	0	0	0	2	2	0	2	0	2	0
天津市	Tianjing	0	0	0	0	0	0	0	0	0	0	2	2	0	1	3	2	4	9	1	3	4	1	9	7	15	4	2	10	2	7	3	4	11	6	7	1	2	2	1	3	2	1	2	2
西藏自治区	Tibet	0	0	0	0	0	0	0	0	0	0	0	0	0	0	0	0	0	0	0	0	1	0	0	0	0	0	0	0	0	0	0	0	0	0	0	0	0	0	0	0	0	0	0	0
香港特别行政区	Hongkong 	0	0	0	0	0	0	0	0	0	0	0	0	0	2	3	0	3	0	0	2	2	1	1	1	0	3	3	3	2	0	10	6	7	1	3	3	0	1	3	2	3	3	0	1
新疆维吾尔自治区	Xinjiang	0	0	0	0	0	0	0	0	0	0	0	0	0	2	1	1	1	5	3	1	3	1	3	3	5	3	4	3	3	3	4	6	4	4	2	5	1	4	1	0	0	0	0	0
云南省	Yunnan	0	0	0	0	0	0	0	0	0	0	0	0	2	0	3	6	8	7	0	19	10	11	8	10	8	5	6	7	3	2	1	8	5	1	7	6	1	2	1	1	0	2	0	0
浙江省	Zhejiang	0	0	0	0	0	0	0	0	0	0	0	5	5	33	19	42	24	45	123	132	109	62	62	63	105	66	59	52	42	27	29	25	14	14	10	7	5	4	1	1	2	28	2	0
重庆市	Chongqing	0	0	0	0	0	0	0	0	0	0	0	5	4	18	30	18	35	22	15	18	41	32	24	38	37	29	23	22	15	20	22	18	19	13	11	8	7	7	2	2	5	7	5	1
